52124
39535
61847
1.1858e+05
59573
68898
43530
38215
66391
46466
52088
49681
45126
38109
44269
53210
45888
73130
46647
39492
38399
47670
49418
75320
41422
46532
49519
58395
82162
73050
65208
42473
37901
40568
50058
60077
42691
52451
54829
52837
63569
31386
48167
94548
72287
81367
53852
46179
52144
74197
60890
41174
93072
63901
53869
43942
78297
59063
43619
39653
37479
55212
42380
42348
53367
51538
39399
51424
47643
78825
65411
38574
40174
43485
51517
54630
42082
49628
57928
67916
54155
38551
56841
1.189e+05
49144
62509
57064
45313
78303
77282
69864
89054
60748
49265
44595
40166
55319
45417
59341
49223
73823
48201
62731
65245
52090
66339
46426
38172
65527
49014
54694
52587
43784
44899
38419
47573
58475
42757
46029
62256
53566
66767
46290
50950
64216
71459
65592
35190
75756
57335
80619
86328
43036
93237
44784
52093
38779
40230
37162
69312
38425
62739
40262
61528
44179
40926
63029
59593
37905
60831
68584
36714
67535
78403
79309
95502
67159
78162
89015
70960
60861
58707
51562
47653
45288
55274
95332
44238
91534
1.0222e+05
78553
56599
56762
56661
59634
36230
51271
36921
58193
55443
95533
83950
2.6608e+05
1.3059e+05
86212
68927
37935
46889
40517
68354
51816
53661
47819
45386
42251
49063
51336
48695
34888
64347
36547
45902
47014
47952
44745
57253
69552
68165
45666
64219
65243
64645
51463
56435
72976
48149
35415
42590
53099
41478
54012
50526
46873
54083
60160
48172
44702
43605
63917
39607
41272
48752
52721
72977
53395
41637
54135
1.0124e+05
49176
50389
64413
56129
36221
51956
40261
41696
72036
51337
42690
68322
56402
53840
51707
51343
68935
66375
43734
55629
82953
64478
52631
45225
45686
85704
38530
49543
50408
53818
75092
73359
66653
90892
56268
40873
53706
41294
41570
49578
65488
65447
44231
36567
45172
64224
54342
1.1823e+05
39281
54229
70002
75680
83673
78428
61278
43271
37735
47818
37295
39052
44869
75076
65287
56318
45958
52917
38068
51633
38050
54567
54997
41032
38534
48589
46952
47518
49891
43143
53905
60797
47382
50365
76502
1.2585e+05
63116
67181
53683
75942
43079
55367
35466
37665
40368
55380
42467
62275
43334
34856
43617
43694
47434
65151
46159
47181
38459
49833
41253
50478
48506
54226
49449
36752
45376
49110
42754
55845
45742
49639
58820
40755
45839
31919
44779
69709
56329
42216
42856
50303
50724
70908
49214
62028
68129
49771
36492
45606
32309
53509
43072
45595
50300
59385
50620
41075
60888
46186
47103
66349
88099
49733
40323
48354
53629
36619
50821
56306
70025
62703
57644
38072
35856
50285
67884
37835
36774
45317
69438
49069
62716
50326
35413
36399
36194
45936
38922
67707
78694
47184
73641
52122
75521
70085
43835
47002
55804
73101
1.0387e+05
54554
61021
59180
49714
96130
75623
42761
58321
51619
36862
96288
50747
39897
84061
65160
63728
47049
45384
56238
60653
58104
53187
63367
48586
36668
34767
42516
48415
79553
57634
43353
49420
44556
49646
53932
52622
50171
39247
50314
74589
50117
62520
48214
56442
53528
53830
52680
80626
69291
51043
40205
55973
81918
65804
96400
44904
39694
52218
68056
72464
65719
55187
46658
49924
49236
42846
70018
79276
62980
57306
62506
46493
60207
44507
1.0173e+05
41583
54102
44241
65352
57901
52509
71501
45574
38585
95834
1.094e+05
92808
79608
39591
52301
88678
67175
51262
61765
52687
51012
56771
73959
51362
54091
43949
51510
50967
50336
57598
77973
50868
41997
58262
49254
35733
61706
58033
50827
64321
69686
46696
43682
1.0072e+05
77675
60957
44314
56778
45253
60527
48655
70745
97898
75646
44913
50208
48937
42258
55548
50664
41872
57085
52725
54288
50766
42411
63932
56131
57887
62133
64645
42019
45763
43918
41704
40930
77865
45113
47569
74202
52427
55497
81094
61797
58673
60876
46461
78026
54606
53979
35439
57951
54504
59602
73037
77104
84215
70876
59470
79993
80159
53831
72140
55340
37023
61870
42272
34514
41404
51921
60378
39156
47893
38860
37726
47201
54236
73119
62421
41820
59583
75731
56691
44893
47829
60873
33184
61243
48977
53851
48149
71087
62675
51112
1.1216e+05
64122
85217
49688
47799
93453
94704
97178
44469
63958
1.0842e+05
54535
47398
58824
64723
59624
50364
54839
63885
61325
47197
64305
54930
55235
54285
53463
38513
51969
40707
35776
39664
39573
49711
78880
64835
63736
56899
67399
63531
54286
55800
57563
44051
56690
47638
62914
72441
83102
84905
60626
48181
78306
57643
44951
47811
52564
49689
65608
45587
71693
76178
67433
69309
53869
41349
53652
76271
75924
42890
63531
46044
45452
66318
57594
49321
36908
57910
42220
40664
52668
52562
63361
36285
53488
46224
54570
68417
46694
68227
77636
64078
71523
44307
48561
48533
60537
46017
57767
57150
48117
45011
51295
38611
58684
38605
42332
45744
46973
58483
49319
61374
49527
51869
49764
64093
41835
66295
51132
36871
60558
63867
67030
61935
52375
45995
54543
80092
56943
46683
63078
1.1157e+05
96522
75814
79859
47197
45850
42830
46499
39886
38891
59167
42952
55434
46918
84113
89814
47687
50140
54937
68938
55258
48270
52510
78975
51752
63526
57137
49114
95502
84246
69389
58078
42019
56075
63050
67361
57514
48622
44594
36551
52571
61227
62156
51218
64638
76729
49855
48827
47958
56546
42569
57301
37821
54708
59250
61984
67530
47896
56613
51351
63323
71939
52837
65876
43524
44047
44688
42086
61055
44563
49076
41346
43502
40127
53321
48555
42504
54544
63314
60106
54341
47272
40653
49541
49986
54742
62960
43533
95087
52102
40574
52413
56407
36026
41130
73992
68015
35877
81772
45668
59202
62054
78305
52711
38225
50450
47772
37827
53411
60558
42511
41252
55798
45151
65448
46551
48622
61720
46954
51438
66651
98975
73009
59327
85636
59446
1.0646e+05
63035
61643
41043
52730
54246
47374
49728
53360
74386
46879
1.0434e+05
51909
56511
36738
46481
58073
37133
41908
52169
60528
66385
73607
65508
53308
54704
43756
61983
59713
1.2451e+05
78298
55137
85622
55994
48377
65320
56908
57001
71450
58400
91617
59583
36552
47410
46841
43489
50973
55093
64939
45530
51086
38091
48992
53167
52493
51657
49690
46806
56521
70610
51633
36092
46566
35932
56426
50743
42860
42660
86616
51301
62250
46572
77150
43052
65115
40599
52152
46483
42913
44454
51516
47645
76193
50106
57032
37036
45516
67590
57565
57135
62903
55206
62048
44800
50668
46291
53403
47279
37568
62410
60805
55564
74135
77907
45462
38567
57711
53278
54891
61899
54269
