[362 samples from mcmc run generated by language trees. File written 16-Aug-2021 17:38:32]
[For associated trees see same file with .nex extension]
[    Sample   log prior      integrated llkd   root time           mu           p            lambda       kappa           rho              ncat      log likelihood        beta ]
         1       -175.70956       -215.45709   5407.69324      0.000870959  1.000000000      0.001500000  0.000000000  0.000000000           0             -Inf      0.000000000  
         2       -175.48291        -31.04327   6840.23198      0.000382250  1.000000000      0.001500000  0.000000000  0.000000000           0             -Inf      0.000000000  
         3       -171.12039        -33.36732   6770.01141      0.000364262  1.000000000      0.001500000  0.000000000  0.000000000           0             -Inf      0.000000000  
         4       -187.58943        -29.25774  11417.01244      0.000210953  1.000000000      0.001500000  0.000000000  0.000000000           0       -662.88046      0.000000000  
         5       -182.48587        -31.42821   9155.97400      0.000271827  1.000000000      0.001500000  0.000000000  0.000000000           0             -Inf      0.000000000  
         6       -168.85897        -32.91210   5443.40264      0.000389255  1.000000000      0.001500000  0.000000000  0.000000000           0             -Inf      0.000000000  
         7       -166.51888        -29.11722   5457.41689      0.000528895  1.000000000      0.001500000  0.000000000  0.000000000           0             -Inf      0.000000000  
         8       -171.65830        -29.22468   6179.24857      0.000437026  1.000000000      0.001500000  0.000000000  0.000000000           0             -Inf      0.000000000  
         9       -169.12270        -29.31919   6667.92358      0.000460523  1.000000000      0.001500000  0.000000000  0.000000000           0             -Inf      0.000000000  
        10       -172.26730        -30.86429   7533.19697      0.000364333  1.000000000      0.001500000  0.000000000  0.000000000           0             -Inf      0.000000000  
        11       -176.85348        -28.51013   7919.88237      0.000309217  1.000000000      0.001500000  0.000000000  0.000000000           0             -Inf      0.000000000  
        12       -170.97029        -33.84691   5787.47447      0.000373332  1.000000000      0.001500000  0.000000000  0.000000000           0             -Inf      0.000000000  
        13       -167.33103        -27.78226   5581.32578      0.000569398  1.000000000      0.001500000  0.000000000  0.000000000           0             -Inf      0.000000000  
        14       -176.27996        -30.63451   8491.40368      0.000322653  1.000000000      0.001500000  0.000000000  0.000000000           0             -Inf      0.000000000  
        15       -174.66948        -28.92902   6668.47588      0.000339951  1.000000000      0.001500000  0.000000000  0.000000000           0             -Inf      0.000000000  
        16       -174.46976        -27.86003   6987.49122      0.000375717  1.000000000      0.001500000  0.000000000  0.000000000           0             -Inf      0.000000000  
        17       -171.76877        -30.75835   6713.84680      0.000377218  1.000000000      0.001500000  0.000000000  0.000000000           0             -Inf      0.000000000  
        18       -172.70950        -29.35388   6494.55837      0.000375698  1.000000000      0.001500000  0.000000000  0.000000000           0             -Inf      0.000000000  
        19       -164.90919        -32.72667   5630.00870      0.000511167  1.000000000      0.001500000  0.000000000  0.000000000           0             -Inf      0.000000000  
        20       -169.34378        -28.20009   5094.82168      0.000449296  1.000000000      0.001500000  0.000000000  0.000000000           0             -Inf      0.000000000  
        21       -169.14572        -30.82636   5131.43280      0.000476677  1.000000000      0.001500000  0.000000000  0.000000000           0             -Inf      0.000000000  
        22       -169.67085        -29.31887   6428.64407      0.000420353  1.000000000      0.001500000  0.000000000  0.000000000           0             -Inf      0.000000000  
        23       -169.36978        -29.05217   6457.10211      0.000450669  1.000000000      0.001500000  0.000000000  0.000000000           0             -Inf      0.000000000  
        24       -168.77902        -28.95562   5407.54689      0.000462187  1.000000000      0.001500000  0.000000000  0.000000000           0             -Inf      0.000000000  
        25       -169.71965        -29.37555   6288.99627      0.000499933  1.000000000      0.001500000  0.000000000  0.000000000           0             -Inf      0.000000000  
        26       -170.16079        -29.71344   6414.96143      0.000523817  1.000000000      0.001500000  0.000000000  0.000000000           0             -Inf      0.000000000  
        27       -172.65832        -30.90066   5589.60432      0.000380484  1.000000000      0.001500000  0.000000000  0.000000000           0             -Inf      0.000000000  
        28       -169.66971        -30.52230   6214.22498      0.000411254  1.000000000      0.001500000  0.000000000  0.000000000           0             -Inf      0.000000000  
        29       -175.43501        -31.67907   6251.94184      0.000359106  1.000000000      0.001500000  0.000000000  0.000000000           0             -Inf      0.000000000  
        30       -170.21747        -29.54680   5722.85633      0.000424161  1.000000000      0.001500000  0.000000000  0.000000000           0             -Inf      0.000000000  
        31       -175.21639        -29.89258   6026.94868      0.000451383  1.000000000      0.001500000  0.000000000  0.000000000           0             -Inf      0.000000000  
        32       -170.63768        -29.90964   7121.15388      0.000420458  1.000000000      0.001500000  0.000000000  0.000000000           0             -Inf      0.000000000  
        33       -170.45017        -28.15396   6678.56800      0.000409874  1.000000000      0.001500000  0.000000000  0.000000000           0             -Inf      0.000000000  
        34       -170.15506        -29.42621   5784.50406      0.000456310  1.000000000      0.001500000  0.000000000  0.000000000           0             -Inf      0.000000000  
        35       -167.09621        -31.11146   5353.27552      0.000495245  1.000000000      0.001500000  0.000000000  0.000000000           0             -Inf      0.000000000  
        36       -164.63191        -29.65597   5326.77236      0.000537511  1.000000000      0.001500000  0.000000000  0.000000000           0             -Inf      0.000000000  
        37       -168.09980        -31.42542   5211.55555      0.000514082  1.000000000      0.001500000  0.000000000  0.000000000           0             -Inf      0.000000000  
        38       -170.12124        -29.09266   4833.74271      0.000462840  1.000000000      0.001500000  0.000000000  0.000000000           0             -Inf      0.000000000  
        39       -168.19019        -28.92736   5699.59376      0.000470384  1.000000000      0.001500000  0.000000000  0.000000000           0             -Inf      0.000000000  
        40       -170.84277        -29.41155   5775.80302      0.000440910  1.000000000      0.001500000  0.000000000  0.000000000           0             -Inf      0.000000000  
        41       -173.56938        -32.23262   5376.67217      0.000412862  1.000000000      0.001500000  0.000000000  0.000000000           0             -Inf      0.000000000  
        42       -168.14541        -29.89291   5098.51594      0.000540402  1.000000000      0.001500000  0.000000000  0.000000000           0             -Inf      0.000000000  
        43       -166.74248        -29.64389   4496.49589      0.000557402  1.000000000      0.001500000  0.000000000  0.000000000           0             -Inf      0.000000000  
        44       -163.70313        -30.69505   4939.39130      0.000562822  1.000000000      0.001500000  0.000000000  0.000000000           0             -Inf      0.000000000  
        45       -172.29368        -29.84217   5652.26984      0.000371917  1.000000000      0.001500000  0.000000000  0.000000000           0             -Inf      0.000000000  
        46       -174.54905        -30.36925   5949.92719      0.000385155  1.000000000      0.001500000  0.000000000  0.000000000           0             -Inf      0.000000000  
        47       -171.26516        -31.36607   6177.87545      0.000474553  1.000000000      0.001500000  0.000000000  0.000000000           0             -Inf      0.000000000  
        48       -173.66675        -28.88162   7069.37330      0.000376203  1.000000000      0.001500000  0.000000000  0.000000000           0             -Inf      0.000000000  
        49       -169.73373        -27.62832   7337.80293      0.000481678  1.000000000      0.001500000  0.000000000  0.000000000           0             -Inf      0.000000000  
        50       -171.04816        -31.15891   6497.21693      0.000393135  1.000000000      0.001500000  0.000000000  0.000000000           0             -Inf      0.000000000  
        51       -172.25449        -31.80709   6183.44168      0.000411452  1.000000000      0.001500000  0.000000000  0.000000000           0             -Inf      0.000000000  
        52       -173.81253        -29.45520   5949.24483      0.000397621  1.000000000      0.001500000  0.000000000  0.000000000           0             -Inf      0.000000000  
        53       -177.58869        -29.31526   7397.55334      0.000308817  1.000000000      0.001500000  0.000000000  0.000000000           0             -Inf      0.000000000  
        54       -176.67700        -31.44526   6816.07310      0.000334934  1.000000000      0.001500000  0.000000000  0.000000000           0             -Inf      0.000000000  
        55       -173.68731        -30.65225   7509.42041      0.000397934  1.000000000      0.001500000  0.000000000  0.000000000           0             -Inf      0.000000000  
        56       -170.02184        -31.43729   6775.22780      0.000436888  1.000000000      0.001500000  0.000000000  0.000000000           0             -Inf      0.000000000  
        57       -173.93735        -33.12258   6485.25754      0.000400578  1.000000000      0.001500000  0.000000000  0.000000000           0             -Inf      0.000000000  
        58       -164.86527        -30.37117   5065.21523      0.000620361  1.000000000      0.001500000  0.000000000  0.000000000           0             -Inf      0.000000000  
        59       -179.33617        -29.84910   6467.64693      0.000390356  1.000000000      0.001500000  0.000000000  0.000000000           0             -Inf      0.000000000  
        60       -178.34865        -29.19847   7926.79189      0.000293456  1.000000000      0.001500000  0.000000000  0.000000000           0             -Inf      0.000000000  
        61       -176.41496        -28.48532   7012.64673      0.000342996  1.000000000      0.001500000  0.000000000  0.000000000           0             -Inf      0.000000000  
        62       -171.10421        -34.13075   7005.35715      0.000340360  1.000000000      0.001500000  0.000000000  0.000000000           0             -Inf      0.000000000  
        63       -172.28331        -28.85737   7118.61055      0.000410456  1.000000000      0.001500000  0.000000000  0.000000000           0             -Inf      0.000000000  
        64       -175.95021        -28.92726   8978.44573      0.000369124  1.000000000      0.001500000  0.000000000  0.000000000           0             -Inf      0.000000000  
        65       -171.95734        -30.55800   7009.24559      0.000391318  1.000000000      0.001500000  0.000000000  0.000000000           0             -Inf      0.000000000  
        66       -171.78735        -30.61207   7283.43166      0.000398562  1.000000000      0.001500000  0.000000000  0.000000000           0             -Inf      0.000000000  
        67       -177.07260        -28.91894   8073.49117      0.000329320  1.000000000      0.001500000  0.000000000  0.000000000           0             -Inf      0.000000000  
        68       -179.88764        -30.49699   8403.85807      0.000270780  1.000000000      0.001500000  0.000000000  0.000000000           0             -Inf      0.000000000  
        69       -174.36537        -29.23057   7364.63341      0.000373088  1.000000000      0.001500000  0.000000000  0.000000000           0             -Inf      0.000000000  
        70       -169.89690        -31.81649   6039.88748      0.000443196  1.000000000      0.001500000  0.000000000  0.000000000           0             -Inf      0.000000000  
        71       -166.26920        -28.92970   5310.35178      0.000511035  1.000000000      0.001500000  0.000000000  0.000000000           0             -Inf      0.000000000  
        72       -173.18681        -28.89489   5598.53811      0.000449284  1.000000000      0.001500000  0.000000000  0.000000000           0             -Inf      0.000000000  
        73       -165.26539        -31.34104   5545.05470      0.000514038  1.000000000      0.001500000  0.000000000  0.000000000           0             -Inf      0.000000000  
        74       -168.00947        -28.52409   5453.36247      0.000465414  1.000000000      0.001500000  0.000000000  0.000000000           0             -Inf      0.000000000  
        75       -167.69165        -28.58724   4854.86617      0.000525390  1.000000000      0.001500000  0.000000000  0.000000000           0             -Inf      0.000000000  
        76       -170.09789        -34.52879   6049.81777      0.000499878  1.000000000      0.001500000  0.000000000  0.000000000           0             -Inf      0.000000000  
        77       -175.25519        -28.73196   6893.08089      0.000335325  1.000000000      0.001500000  0.000000000  0.000000000           0             -Inf      0.000000000  
        78       -172.54646        -31.29269   6909.55469      0.000418559  1.000000000      0.001500000  0.000000000  0.000000000           0             -Inf      0.000000000  
        79       -176.66566        -30.61241   8103.73914      0.000327698  1.000000000      0.001500000  0.000000000  0.000000000           0             -Inf      0.000000000  
        80       -170.95591        -29.95492   7880.27083      0.000468756  1.000000000      0.001500000  0.000000000  0.000000000           0             -Inf      0.000000000  
        81       -172.95027        -29.91318   6596.70105      0.000375084  1.000000000      0.001500000  0.000000000  0.000000000           0             -Inf      0.000000000  
        82       -175.87728        -29.29188   7205.64633      0.000364552  1.000000000      0.001500000  0.000000000  0.000000000           0             -Inf      0.000000000  
        83       -178.13860        -30.30634   6495.77199      0.000318038  1.000000000      0.001500000  0.000000000  0.000000000           0             -Inf      0.000000000  
        84       -169.25257        -29.60826   5333.88893      0.000436805  1.000000000      0.001500000  0.000000000  0.000000000           0             -Inf      0.000000000  
        85       -176.61450        -31.06751   7329.92150      0.000338310  1.000000000      0.001500000  0.000000000  0.000000000           0             -Inf      0.000000000  
        86       -181.07504        -32.53543   9041.06952      0.000271586  1.000000000      0.001500000  0.000000000  0.000000000           0             -Inf      0.000000000  
        87       -176.57867        -29.42838   8991.19008      0.000353931  1.000000000      0.001500000  0.000000000  0.000000000           0             -Inf      0.000000000  
        88       -176.03492        -28.76332   7914.88431      0.000327562  1.000000000      0.001500000  0.000000000  0.000000000           0             -Inf      0.000000000  
        89       -171.88853        -32.11957   8717.15763      0.000360738  1.000000000      0.001500000  0.000000000  0.000000000           0             -Inf      0.000000000  
        90       -170.90059        -28.46589   7443.98177      0.000412428  1.000000000      0.001500000  0.000000000  0.000000000           0             -Inf      0.000000000  
        91       -178.13651        -30.17474   7005.39342      0.000301316  1.000000000      0.001500000  0.000000000  0.000000000           0             -Inf      0.000000000  
        92       -171.42747        -29.55406   6601.23432      0.000457554  1.000000000      0.001500000  0.000000000  0.000000000           0             -Inf      0.000000000  
        93       -173.23290        -30.43227   8174.94672      0.000357585  1.000000000      0.001500000  0.000000000  0.000000000           0             -Inf      0.000000000  
        94       -171.62110        -29.95687   6570.05855      0.000395936  1.000000000      0.001500000  0.000000000  0.000000000           0             -Inf      0.000000000  
        95       -169.25769        -30.11907   7178.70237      0.000444588  1.000000000      0.001500000  0.000000000  0.000000000           0             -Inf      0.000000000  
        96       -178.49173        -27.62954  10570.24946      0.000369215  1.000000000      0.001500000  0.000000000  0.000000000           0             -Inf      0.000000000  
        97       -180.16917        -31.12023  11040.10167      0.000316728  1.000000000      0.001500000  0.000000000  0.000000000           0             -Inf      0.000000000  
        98       -177.48822        -30.96135  10402.25460      0.000377195  1.000000000      0.001500000  0.000000000  0.000000000           0             -Inf      0.000000000  
        99       -170.92562        -28.68561   8458.61697      0.000462589  1.000000000      0.001500000  0.000000000  0.000000000           0             -Inf      0.000000000  
       100       -176.70839        -33.28020   8257.45512      0.000318862  1.000000000      0.001500000  0.000000000  0.000000000           0             -Inf      0.000000000  
       101       -186.23325        -27.44144  17094.37988      0.000243257  1.000000000      0.001500000  0.000000000  0.000000000           0       -741.87512      0.000000000  
       102       -174.56830        -27.97631  10451.58318      0.000402389  1.000000000      0.001500000  0.000000000  0.000000000           0             -Inf      0.000000000  
       103       -179.55404        -28.99191   9149.88544      0.000318539  1.000000000      0.001500000  0.000000000  0.000000000           0             -Inf      0.000000000  
       104       -185.19593        -28.24263  13192.14470      0.000287407  1.000000000      0.001500000  0.000000000  0.000000000           0             -Inf      0.000000000  
       105       -183.47667        -34.00932  12015.17875      0.000242947  1.000000000      0.001500000  0.000000000  0.000000000           0       -741.18198      0.000000000  
       106       -189.43725        -31.12152  14232.55945      0.000222335  1.000000000      0.001500000  0.000000000  0.000000000           0       -715.45088      0.000000000  
       107       -183.53868        -33.91765  13797.41303      0.000266388  1.000000000      0.001500000  0.000000000  0.000000000           0             -Inf      0.000000000  
       108       -184.98112        -31.95266  15887.72996      0.000265506  1.000000000      0.001500000  0.000000000  0.000000000           0             -Inf      0.000000000  
       109       -177.46255        -27.62147  11626.91800      0.000374771  1.000000000      0.001500000  0.000000000  0.000000000           0             -Inf      0.000000000  
       110       -180.71701        -28.54742   9956.23715      0.000277446  1.000000000      0.001500000  0.000000000  0.000000000           0             -Inf      0.000000000  
       111       -169.05863        -31.04929   6623.35120      0.000472391  1.000000000      0.001500000  0.000000000  0.000000000           0             -Inf      0.000000000  
       112       -169.92561        -29.87931   6563.76816      0.000491810  1.000000000      0.001500000  0.000000000  0.000000000           0             -Inf      0.000000000  
       113       -176.29493        -28.39965   8483.11349      0.000372906  1.000000000      0.001500000  0.000000000  0.000000000           0             -Inf      0.000000000  
       114       -171.87128        -29.32984   7002.40496      0.000389796  1.000000000      0.001500000  0.000000000  0.000000000           0             -Inf      0.000000000  
       115       -172.86189        -29.87384   6660.09456      0.000377417  1.000000000      0.001500000  0.000000000  0.000000000           0             -Inf      0.000000000  
       116       -167.97140        -29.86071   5216.23771      0.000518384  1.000000000      0.001500000  0.000000000  0.000000000           0             -Inf      0.000000000  
       117       -170.32315        -31.30831   5104.16469      0.000404624  1.000000000      0.001500000  0.000000000  0.000000000           0             -Inf      0.000000000  
       118       -174.28677        -30.89153   5551.89129      0.000444155  1.000000000      0.001500000  0.000000000  0.000000000           0             -Inf      0.000000000  
       119       -175.08369        -29.49548   5924.09995      0.000364580  1.000000000      0.001500000  0.000000000  0.000000000           0             -Inf      0.000000000  
       120       -181.04853        -29.91707   7573.04844      0.000286936  1.000000000      0.001500000  0.000000000  0.000000000           0             -Inf      0.000000000  
       121       -171.65674        -30.85949   6543.00433      0.000459803  1.000000000      0.001500000  0.000000000  0.000000000           0             -Inf      0.000000000  
       122       -170.22284        -29.65270   5694.57998      0.000484689  1.000000000      0.001500000  0.000000000  0.000000000           0             -Inf      0.000000000  
       123       -170.73323        -29.62460   6115.26293      0.000485774  1.000000000      0.001500000  0.000000000  0.000000000           0             -Inf      0.000000000  
       124       -165.40854        -32.50911   5094.54840      0.000577816  1.000000000      0.001500000  0.000000000  0.000000000           0             -Inf      0.000000000  
       125       -163.09527        -33.85555   4542.56951      0.000588532  1.000000000      0.001500000  0.000000000  0.000000000           0             -Inf      0.000000000  
       126       -169.66732        -29.05536   4891.73168      0.000479958  1.000000000      0.001500000  0.000000000  0.000000000           0             -Inf      0.000000000  
       127       -167.00312        -29.46096   5210.85381      0.000500232  1.000000000      0.001500000  0.000000000  0.000000000           0             -Inf      0.000000000  
       128       -171.89728        -28.75788   5987.86767      0.000384892  1.000000000      0.001500000  0.000000000  0.000000000           0             -Inf      0.000000000  
       129       -172.61726        -28.87493   5839.10555      0.000432216  1.000000000      0.001500000  0.000000000  0.000000000           0             -Inf      0.000000000  
       130       -172.94628        -30.13256   5841.65552      0.000406761  1.000000000      0.001500000  0.000000000  0.000000000           0             -Inf      0.000000000  
       131       -169.40241        -32.20083   5680.83574      0.000471676  1.000000000      0.001500000  0.000000000  0.000000000           0             -Inf      0.000000000  
       132       -171.56658        -29.42427   5955.54734      0.000443667  1.000000000      0.001500000  0.000000000  0.000000000           0             -Inf      0.000000000  
       133       -170.46845        -27.84978   6251.14425      0.000421872  1.000000000      0.001500000  0.000000000  0.000000000           0             -Inf      0.000000000  
       134       -174.17096        -28.52434   5619.03370      0.000424437  1.000000000      0.001500000  0.000000000  0.000000000           0             -Inf      0.000000000  
       135       -177.11195        -29.56222   7154.05937      0.000361345  1.000000000      0.001500000  0.000000000  0.000000000           0             -Inf      0.000000000  
       136       -181.67311        -28.68639   9230.03381      0.000327478  1.000000000      0.001500000  0.000000000  0.000000000           0             -Inf      0.000000000  
       137       -186.12029        -29.96362  12154.56210      0.000258651  1.000000000      0.001500000  0.000000000  0.000000000           0       -676.90672      0.000000000  
       138       -191.56709        -32.27452  13341.59172      0.000188617  1.000000000      0.001500000  0.000000000  0.000000000           0       -639.11473      0.000000000  
       139       -177.33786        -29.44264   9611.18637      0.000322865  1.000000000      0.001500000  0.000000000  0.000000000           0             -Inf      0.000000000  
       140       -178.32991        -30.86613   8087.36354      0.000305197  1.000000000      0.001500000  0.000000000  0.000000000           0             -Inf      0.000000000  
       141       -180.33670        -29.69888   9098.18087      0.000292140  1.000000000      0.001500000  0.000000000  0.000000000           0             -Inf      0.000000000  
       142       -173.42089        -28.41593   7250.53018      0.000385949  1.000000000      0.001500000  0.000000000  0.000000000           0             -Inf      0.000000000  
       143       -172.53473        -29.08563   6703.77495      0.000382238  1.000000000      0.001500000  0.000000000  0.000000000           0             -Inf      0.000000000  
       144       -177.16097        -30.31128   8442.06019      0.000288305  1.000000000      0.001500000  0.000000000  0.000000000           0             -Inf      0.000000000  
       145       -177.57036        -28.23929   8327.89497      0.000324140  1.000000000      0.001500000  0.000000000  0.000000000           0             -Inf      0.000000000  
       146       -169.96080        -30.47549   6958.84831      0.000449051  1.000000000      0.001500000  0.000000000  0.000000000           0             -Inf      0.000000000  
       147       -170.58671        -29.03106   6847.71066      0.000463452  1.000000000      0.001500000  0.000000000  0.000000000           0             -Inf      0.000000000  
       148       -171.15027        -29.65612   5596.75043      0.000481065  1.000000000      0.001500000  0.000000000  0.000000000           0             -Inf      0.000000000  
       149       -172.49142        -29.55246   5193.97411      0.000400492  1.000000000      0.001500000  0.000000000  0.000000000           0             -Inf      0.000000000  
       150       -169.30243        -31.13961   5295.41530      0.000496917  1.000000000      0.001500000  0.000000000  0.000000000           0             -Inf      0.000000000  
       151       -174.38949        -28.20640   5680.76957      0.000396754  1.000000000      0.001500000  0.000000000  0.000000000           0             -Inf      0.000000000  
       152       -169.50989        -30.24707   5877.70292      0.000427858  1.000000000      0.001500000  0.000000000  0.000000000           0             -Inf      0.000000000  
       153       -171.82219        -31.94373   5392.13469      0.000429686  1.000000000      0.001500000  0.000000000  0.000000000           0             -Inf      0.000000000  
       154       -165.34158        -29.47491   5717.27723      0.000542856  1.000000000      0.001500000  0.000000000  0.000000000           0             -Inf      0.000000000  
       155       -173.44089        -29.75617   6092.93421      0.000416411  1.000000000      0.001500000  0.000000000  0.000000000           0             -Inf      0.000000000  
       156       -172.72045        -29.15953   6095.20992      0.000474769  1.000000000      0.001500000  0.000000000  0.000000000           0             -Inf      0.000000000  
       157       -173.89223        -28.93916   7429.37200      0.000378545  1.000000000      0.001500000  0.000000000  0.000000000           0             -Inf      0.000000000  
       158       -178.99147        -33.44664  10080.20909      0.000321286  1.000000000      0.001500000  0.000000000  0.000000000           0             -Inf      0.000000000  
       159       -178.43789        -27.18069   9453.46454      0.000316430  1.000000000      0.001500000  0.000000000  0.000000000           0             -Inf      0.000000000  
       160       -180.76390        -28.69678   8728.16735      0.000315883  1.000000000      0.001500000  0.000000000  0.000000000           0             -Inf      0.000000000  
       161       -180.70797        -28.60375  10667.53406      0.000275532  1.000000000      0.001500000  0.000000000  0.000000000           0             -Inf      0.000000000  
       162       -181.49082        -28.38095  12322.33683      0.000287494  1.000000000      0.001500000  0.000000000  0.000000000           0             -Inf      0.000000000  
       163       -177.04503        -29.03845   8239.26299      0.000392718  1.000000000      0.001500000  0.000000000  0.000000000           0             -Inf      0.000000000  
       164       -181.98042        -30.37151  10375.17210      0.000252953  1.000000000      0.001500000  0.000000000  0.000000000           0       -702.55652      0.000000000  
       165       -174.69469        -31.36148   5829.02476      0.000422088  1.000000000      0.001500000  0.000000000  0.000000000           0             -Inf      0.000000000  
       166       -176.49917        -28.09306   7692.76569      0.000329879  1.000000000      0.001500000  0.000000000  0.000000000           0             -Inf      0.000000000  
       167       -172.60112        -29.19292   6332.41626      0.000385797  1.000000000      0.001500000  0.000000000  0.000000000           0             -Inf      0.000000000  
       168       -174.59429        -29.87768   6187.96527      0.000393791  1.000000000      0.001500000  0.000000000  0.000000000           0             -Inf      0.000000000  
       169       -174.93996        -30.20927   6117.60554      0.000388135  1.000000000      0.001500000  0.000000000  0.000000000           0             -Inf      0.000000000  
       170       -164.33378        -29.75439   5120.73331      0.000479837  1.000000000      0.001500000  0.000000000  0.000000000           0             -Inf      0.000000000  
       171       -171.72694        -29.79730   5084.57292      0.000420879  1.000000000      0.001500000  0.000000000  0.000000000           0             -Inf      0.000000000  
       172       -166.40879        -29.64706   5519.38790      0.000544439  1.000000000      0.001500000  0.000000000  0.000000000           0             -Inf      0.000000000  
       173       -166.23705        -31.78213   5494.71923      0.000476063  1.000000000      0.001500000  0.000000000  0.000000000           0             -Inf      0.000000000  
       174       -170.12701        -30.69838   5826.46026      0.000481874  1.000000000      0.001500000  0.000000000  0.000000000           0             -Inf      0.000000000  
       175       -167.45795        -29.24687   5819.70038      0.000471416  1.000000000      0.001500000  0.000000000  0.000000000           0             -Inf      0.000000000  
       176       -174.20833        -29.43902   5499.60609      0.000381655  1.000000000      0.001500000  0.000000000  0.000000000           0             -Inf      0.000000000  
       177       -174.45334        -31.63320   7156.01840      0.000359419  1.000000000      0.001500000  0.000000000  0.000000000           0             -Inf      0.000000000  
       178       -176.36137        -29.63245   8116.16058      0.000326686  1.000000000      0.001500000  0.000000000  0.000000000           0             -Inf      0.000000000  
       179       -170.69791        -31.41897   7439.40629      0.000395521  1.000000000      0.001500000  0.000000000  0.000000000           0             -Inf      0.000000000  
       180       -187.76647        -29.57853  10467.77460      0.000221456  1.000000000      0.001500000  0.000000000  0.000000000           0       -665.14609      0.000000000  
       181       -182.36471        -29.38869  10460.13489      0.000296206  1.000000000      0.001500000  0.000000000  0.000000000           0             -Inf      0.000000000  
       182       -180.81249        -28.88257  10632.29955      0.000335884  1.000000000      0.001500000  0.000000000  0.000000000           0             -Inf      0.000000000  
       183       -180.70750        -30.18865  11823.44057      0.000315262  1.000000000      0.001500000  0.000000000  0.000000000           0             -Inf      0.000000000  
       184       -178.03522        -28.36744   8873.61874      0.000289213  1.000000000      0.001500000  0.000000000  0.000000000           0             -Inf      0.000000000  
       185       -181.34705        -29.17019   9615.73843      0.000280586  1.000000000      0.001500000  0.000000000  0.000000000           0       -722.06478      0.000000000  
       186       -185.45433        -28.83296  11237.92744      0.000239020  1.000000000      0.001500000  0.000000000  0.000000000           0       -650.52764      0.000000000  
       187       -174.82588        -29.47233   7490.22228      0.000330908  1.000000000      0.001500000  0.000000000  0.000000000           0             -Inf      0.000000000  
       188       -166.53880        -30.27700   6200.20105      0.000523763  1.000000000      0.001500000  0.000000000  0.000000000           0             -Inf      0.000000000  
       189       -175.50084        -29.14915   8113.38694      0.000376493  1.000000000      0.001500000  0.000000000  0.000000000           0             -Inf      0.000000000  
       190       -178.12272        -29.23634  10226.73819      0.000316756  1.000000000      0.001500000  0.000000000  0.000000000           0             -Inf      0.000000000  
       191       -184.88819        -31.81092  11097.17194      0.000237860  1.000000000      0.001500000  0.000000000  0.000000000           0       -683.50771      0.000000000  
       192       -181.14381        -28.54195  12152.09196      0.000323136  1.000000000      0.001500000  0.000000000  0.000000000           0             -Inf      0.000000000  
       193       -183.47105        -29.49214  11014.07945      0.000284208  1.000000000      0.001500000  0.000000000  0.000000000           0             -Inf      0.000000000  
       194       -185.40935        -29.52601  15741.79827      0.000269825  1.000000000      0.001500000  0.000000000  0.000000000           0             -Inf      0.000000000  
       195       -174.30810        -27.16943  11030.94833      0.000430918  1.000000000      0.001500000  0.000000000  0.000000000           0             -Inf      0.000000000  
       196       -179.54381        -27.01695  11586.49625      0.000449387  1.000000000      0.001500000  0.000000000  0.000000000           0             -Inf      0.000000000  
       197       -183.50654        -30.41257  11878.93791      0.000263943  1.000000000      0.001500000  0.000000000  0.000000000           0             -Inf      0.000000000  
       198       -182.53683        -32.83073  11245.38592      0.000337202  1.000000000      0.001500000  0.000000000  0.000000000           0             -Inf      0.000000000  
       199       -178.41002        -31.37030   8281.86762      0.000311630  1.000000000      0.001500000  0.000000000  0.000000000           0             -Inf      0.000000000  
       200       -167.61747        -29.19339   5851.97388      0.000527372  1.000000000      0.001500000  0.000000000  0.000000000           0             -Inf      0.000000000  
       201       -163.76898        -31.90391   4365.66031      0.000567800  1.000000000      0.001500000  0.000000000  0.000000000           0             -Inf      0.000000000  
       202       -162.04196        -29.33057   4309.41234      0.000694748  1.000000000      0.001500000  0.000000000  0.000000000           0             -Inf      0.000000000  
       203       -166.89906        -30.00060   4927.81309      0.000543709  1.000000000      0.001500000  0.000000000  0.000000000           0             -Inf      0.000000000  
       204       -171.94192        -31.05220   5606.23884      0.000446266  1.000000000      0.001500000  0.000000000  0.000000000           0             -Inf      0.000000000  
       205       -168.30431        -30.87909   4962.32855      0.000468366  1.000000000      0.001500000  0.000000000  0.000000000           0             -Inf      0.000000000  
       206       -170.37075        -28.18195   6327.52369      0.000423099  1.000000000      0.001500000  0.000000000  0.000000000           0             -Inf      0.000000000  
       207       -170.21529        -29.52214   7026.86433      0.000381546  1.000000000      0.001500000  0.000000000  0.000000000           0             -Inf      0.000000000  
       208       -173.69767        -29.53742   8051.56934      0.000401783  1.000000000      0.001500000  0.000000000  0.000000000           0             -Inf      0.000000000  
       209       -171.78087        -33.54991   7458.81505      0.000383684  1.000000000      0.001500000  0.000000000  0.000000000           0             -Inf      0.000000000  
       210       -184.12868        -31.31042  11697.90671      0.000254919  1.000000000      0.001500000  0.000000000  0.000000000           0       -725.31639      0.000000000  
       211       -178.55951        -31.71720   8800.66299      0.000323702  1.000000000      0.001500000  0.000000000  0.000000000           0             -Inf      0.000000000  
       212       -178.91687        -29.33889   6891.35166      0.000289517  1.000000000      0.001500000  0.000000000  0.000000000           0             -Inf      0.000000000  
       213       -174.85376        -30.18634   5643.02664      0.000375207  1.000000000      0.001500000  0.000000000  0.000000000           0             -Inf      0.000000000  
       214       -175.64930        -28.19276   7901.12644      0.000339695  1.000000000      0.001500000  0.000000000  0.000000000           0             -Inf      0.000000000  
       215       -186.55105        -28.51441  10717.73811      0.000245601  1.000000000      0.001500000  0.000000000  0.000000000           0       -649.47317      0.000000000  
       216       -187.06275        -29.47152  13777.32990      0.000235138  1.000000000      0.001500000  0.000000000  0.000000000           0       -634.14389      0.000000000  
       217       -181.06679        -31.91057   9764.58567      0.000329118  1.000000000      0.001500000  0.000000000  0.000000000           0       -702.27030      0.000000000  
       218       -180.66566        -33.58353  10039.43010      0.000288959  1.000000000      0.001500000  0.000000000  0.000000000           0             -Inf      0.000000000  
       219       -177.26025        -31.83658   7209.26559      0.000281077  1.000000000      0.001500000  0.000000000  0.000000000           0             -Inf      0.000000000  
       220       -172.73812        -31.82523   5982.74097      0.000428259  1.000000000      0.001500000  0.000000000  0.000000000           0             -Inf      0.000000000  
       221       -170.08889        -30.23955   5244.60839      0.000464326  1.000000000      0.001500000  0.000000000  0.000000000           0             -Inf      0.000000000  
       222       -175.64800        -29.14582   7481.03072      0.000373228  1.000000000      0.001500000  0.000000000  0.000000000           0             -Inf      0.000000000  
       223       -169.88207        -28.93420   6138.61376      0.000444213  1.000000000      0.001500000  0.000000000  0.000000000           0             -Inf      0.000000000  
       224       -168.47885        -31.14415   5727.62808      0.000455927  1.000000000      0.001500000  0.000000000  0.000000000           0             -Inf      0.000000000  
       225       -174.63270        -30.79938   6295.02064      0.000352757  1.000000000      0.001500000  0.000000000  0.000000000           0             -Inf      0.000000000  
       226       -168.59614        -31.20448   5598.76065      0.000525397  1.000000000      0.001500000  0.000000000  0.000000000           0             -Inf      0.000000000  
       227       -168.98589        -28.75996   5479.45304      0.000450642  1.000000000      0.001500000  0.000000000  0.000000000           0             -Inf      0.000000000  
       228       -176.83541        -28.84135   6581.19448      0.000362293  1.000000000      0.001500000  0.000000000  0.000000000           0             -Inf      0.000000000  
       229       -170.24673        -30.16799   7018.88842      0.000433778  1.000000000      0.001500000  0.000000000  0.000000000           0             -Inf      0.000000000  
       230       -181.34818        -30.17330   9760.08034      0.000284757  1.000000000      0.001500000  0.000000000  0.000000000           0       -719.77330      0.000000000  
       231       -183.35925        -27.76501  10091.82978      0.000269760  1.000000000      0.001500000  0.000000000  0.000000000           0       -742.64831      0.000000000  
       232       -179.36174        -28.28599   9261.16229      0.000325458  1.000000000      0.001500000  0.000000000  0.000000000           0             -Inf      0.000000000  
       233       -169.97837        -29.11979   6647.50821      0.000475852  1.000000000      0.001500000  0.000000000  0.000000000           0             -Inf      0.000000000  
       234       -178.64576        -30.55563   9433.56832      0.000310125  1.000000000      0.001500000  0.000000000  0.000000000           0       -722.43796      0.000000000  
       235       -176.45784        -28.38228   8608.07262      0.000319293  1.000000000      0.001500000  0.000000000  0.000000000           0             -Inf      0.000000000  
       236       -182.66439        -30.28658  10496.15083      0.000255018  1.000000000      0.001500000  0.000000000  0.000000000           0             -Inf      0.000000000  
       237       -182.13019        -29.51725  11760.54425      0.000273895  1.000000000      0.001500000  0.000000000  0.000000000           0             -Inf      0.000000000  
       238       -180.81086        -29.40982   9597.31493      0.000273437  1.000000000      0.001500000  0.000000000  0.000000000           0       -703.63880      0.000000000  
       239       -179.72375        -29.44928   7393.38846      0.000313241  1.000000000      0.001500000  0.000000000  0.000000000           0             -Inf      0.000000000  
       240       -174.44324        -31.80033   7877.01069      0.000407521  1.000000000      0.001500000  0.000000000  0.000000000           0             -Inf      0.000000000  
       241       -170.47040        -32.25485   5381.33722      0.000439462  1.000000000      0.001500000  0.000000000  0.000000000           0             -Inf      0.000000000  
       242       -174.72177        -31.89256   6014.35166      0.000341333  1.000000000      0.001500000  0.000000000  0.000000000           0             -Inf      0.000000000  
       243       -173.94239        -30.03631   6719.01878      0.000357256  1.000000000      0.001500000  0.000000000  0.000000000           0             -Inf      0.000000000  
       244       -192.73961        -31.67380  15138.11846      0.000169105  1.000000000      0.001500000  0.000000000  0.000000000           0       -547.20040      0.000000000  
       245       -183.16369        -28.33429  12836.20482      0.000292743  1.000000000      0.001500000  0.000000000  0.000000000           0             -Inf      0.000000000  
       246       -180.00895        -29.86314   8799.66059      0.000277973  1.000000000      0.001500000  0.000000000  0.000000000           0             -Inf      0.000000000  
       247       -170.59758        -27.78824   7663.66753      0.000459952  1.000000000      0.001500000  0.000000000  0.000000000           0             -Inf      0.000000000  
       248       -173.00192        -29.78366   6849.21782      0.000410712  1.000000000      0.001500000  0.000000000  0.000000000           0             -Inf      0.000000000  
       249       -169.69299        -29.89983   6544.66642      0.000497381  1.000000000      0.001500000  0.000000000  0.000000000           0             -Inf      0.000000000  
       250       -171.84855        -29.76643   6996.70831      0.000421568  1.000000000      0.001500000  0.000000000  0.000000000           0             -Inf      0.000000000  
       251       -173.53028        -29.16203   6729.70162      0.000404402  1.000000000      0.001500000  0.000000000  0.000000000           0             -Inf      0.000000000  
       252       -171.71468        -29.09356   6512.66307      0.000370867  1.000000000      0.001500000  0.000000000  0.000000000           0             -Inf      0.000000000  
       253       -174.07462        -29.70002   6877.69548      0.000392690  1.000000000      0.001500000  0.000000000  0.000000000           0             -Inf      0.000000000  
       254       -168.50202        -32.01168   6637.14821      0.000504616  1.000000000      0.001500000  0.000000000  0.000000000           0             -Inf      0.000000000  
       255       -166.13855        -32.56835   5903.64898      0.000485094  1.000000000      0.001500000  0.000000000  0.000000000           0             -Inf      0.000000000  
       256       -171.03768        -32.76214   5658.03914      0.000482563  1.000000000      0.001500000  0.000000000  0.000000000           0             -Inf      0.000000000  
       257       -170.72238        -30.99208   8437.21592      0.000402718  1.000000000      0.001500000  0.000000000  0.000000000           0             -Inf      0.000000000  
       258       -179.03573        -28.00255   7785.71670      0.000318725  1.000000000      0.001500000  0.000000000  0.000000000           0             -Inf      0.000000000  
       259       -170.16889        -29.21011   6036.69622      0.000418622  1.000000000      0.001500000  0.000000000  0.000000000           0             -Inf      0.000000000  
       260       -175.45683        -36.31189   7035.22027      0.000350281  1.000000000      0.001500000  0.000000000  0.000000000           0             -Inf      0.000000000  
       261       -178.53289        -30.51286   7632.15013      0.000309915  1.000000000      0.001500000  0.000000000  0.000000000           0             -Inf      0.000000000  
       262       -177.93529        -32.05542   7822.86599      0.000284928  1.000000000      0.001500000  0.000000000  0.000000000           0             -Inf      0.000000000  
       263       -176.29706        -29.10523   7094.74731      0.000314032  1.000000000      0.001500000  0.000000000  0.000000000           0             -Inf      0.000000000  
       264       -174.40626        -31.31256   5938.70883      0.000347373  1.000000000      0.001500000  0.000000000  0.000000000           0             -Inf      0.000000000  
       265       -171.82560        -28.79807   6231.26718      0.000427981  1.000000000      0.001500000  0.000000000  0.000000000           0             -Inf      0.000000000  
       266       -173.08793        -29.50606   5913.66780      0.000479505  1.000000000      0.001500000  0.000000000  0.000000000           0             -Inf      0.000000000  
       267       -165.96513        -29.31022   5407.53359      0.000526568  1.000000000      0.001500000  0.000000000  0.000000000           0             -Inf      0.000000000  
       268       -168.25410        -29.92874   5735.09980      0.000487150  1.000000000      0.001500000  0.000000000  0.000000000           0             -Inf      0.000000000  
       269       -171.12068        -31.17166   5722.77021      0.000440799  1.000000000      0.001500000  0.000000000  0.000000000           0             -Inf      0.000000000  
       270       -166.53143        -29.83340   5351.27381      0.000504665  1.000000000      0.001500000  0.000000000  0.000000000           0             -Inf      0.000000000  
       271       -169.44436        -29.46965   5332.55423      0.000458738  1.000000000      0.001500000  0.000000000  0.000000000           0             -Inf      0.000000000  
       272       -175.20414        -29.05798   6690.98179      0.000337696  1.000000000      0.001500000  0.000000000  0.000000000           0             -Inf      0.000000000  
       273       -177.44550        -32.83443   7629.27834      0.000339237  1.000000000      0.001500000  0.000000000  0.000000000           0             -Inf      0.000000000  
       274       -179.38168        -30.07395  10246.99459      0.000311307  1.000000000      0.001500000  0.000000000  0.000000000           0             -Inf      0.000000000  
       275       -182.00678        -27.73919  10513.77958      0.000276776  1.000000000      0.001500000  0.000000000  0.000000000           0             -Inf      0.000000000  
       276       -178.08654        -31.02842   7519.34505      0.000282618  1.000000000      0.001500000  0.000000000  0.000000000           0             -Inf      0.000000000  
       277       -176.01013        -30.81192   8932.93455      0.000342450  1.000000000      0.001500000  0.000000000  0.000000000           0             -Inf      0.000000000  
       278       -179.04640        -31.09988  10155.86157      0.000316641  1.000000000      0.001500000  0.000000000  0.000000000           0             -Inf      0.000000000  
       279       -175.00362        -28.85935   9775.08661      0.000401567  1.000000000      0.001500000  0.000000000  0.000000000           0             -Inf      0.000000000  
       280       -174.85718        -29.07499   8718.69711      0.000389310  1.000000000      0.001500000  0.000000000  0.000000000           0             -Inf      0.000000000  
       281       -172.06113        -29.10674   6908.27968      0.000356424  1.000000000      0.001500000  0.000000000  0.000000000           0             -Inf      0.000000000  
       282       -180.30396        -33.65018   8313.92348      0.000283919  1.000000000      0.001500000  0.000000000  0.000000000           0             -Inf      0.000000000  
       283       -176.48460        -27.90174   8290.57696      0.000335910  1.000000000      0.001500000  0.000000000  0.000000000           0             -Inf      0.000000000  
       284       -170.56590        -29.23230   7188.02318      0.000421249  1.000000000      0.001500000  0.000000000  0.000000000           0             -Inf      0.000000000  
       285       -174.25401        -31.08315   7614.01188      0.000358456  1.000000000      0.001500000  0.000000000  0.000000000           0             -Inf      0.000000000  
       286       -173.27922        -30.59771   7199.64177      0.000378835  1.000000000      0.001500000  0.000000000  0.000000000           0             -Inf      0.000000000  
       287       -170.82363        -28.37876   6849.48790      0.000424493  1.000000000      0.001500000  0.000000000  0.000000000           0             -Inf      0.000000000  
       288       -182.14594        -30.48754  10249.77028      0.000301363  1.000000000      0.001500000  0.000000000  0.000000000           0       -735.51741      0.000000000  
       289       -177.90154        -30.21639   7717.86688      0.000313969  1.000000000      0.001500000  0.000000000  0.000000000           0             -Inf      0.000000000  
       290       -182.26565        -29.62287   8752.15192      0.000285225  1.000000000      0.001500000  0.000000000  0.000000000           0             -Inf      0.000000000  
       291       -177.14155        -29.60484   7742.89494      0.000324340  1.000000000      0.001500000  0.000000000  0.000000000           0             -Inf      0.000000000  
       292       -178.88523        -29.84637   7797.40796      0.000297797  1.000000000      0.001500000  0.000000000  0.000000000           0             -Inf      0.000000000  
       293       -178.27958        -33.09504   6988.22992      0.000338891  1.000000000      0.001500000  0.000000000  0.000000000           0             -Inf      0.000000000  
       294       -172.01316        -27.85507   7473.13598      0.000393215  1.000000000      0.001500000  0.000000000  0.000000000           0             -Inf      0.000000000  
       295       -180.44666        -28.69077   8949.01203      0.000294789  1.000000000      0.001500000  0.000000000  0.000000000           0             -Inf      0.000000000  
       296       -169.86044        -29.88072   7098.99894      0.000413544  1.000000000      0.001500000  0.000000000  0.000000000           0             -Inf      0.000000000  
       297       -174.50385        -30.50565   7043.68548      0.000342249  1.000000000      0.001500000  0.000000000  0.000000000           0             -Inf      0.000000000  
       298       -177.43918        -28.20110   7272.47415      0.000318941  1.000000000      0.001500000  0.000000000  0.000000000           0             -Inf      0.000000000  
       299       -176.02898        -30.67090   6246.43995      0.000365669  1.000000000      0.001500000  0.000000000  0.000000000           0             -Inf      0.000000000  
       300       -171.80258        -28.48209   6604.39781      0.000405795  1.000000000      0.001500000  0.000000000  0.000000000           0             -Inf      0.000000000  
       301       -175.66698        -30.50354   8326.04751      0.000386278  1.000000000      0.001500000  0.000000000  0.000000000           0             -Inf      0.000000000  
       302       -178.15882        -31.21813  10025.20954      0.000348546  1.000000000      0.001500000  0.000000000  0.000000000           0             -Inf      0.000000000  
       303       -185.80023        -28.57622  12157.68813      0.000225900  1.000000000      0.001500000  0.000000000  0.000000000           0       -659.46332      0.000000000  
       304       -178.67831        -28.37591  10066.22838      0.000361522  1.000000000      0.001500000  0.000000000  0.000000000           0             -Inf      0.000000000  
       305       -176.50066        -31.08355  10680.47556      0.000346459  1.000000000      0.001500000  0.000000000  0.000000000           0             -Inf      0.000000000  
       306       -178.53171        -27.80152   9343.16447      0.000331192  1.000000000      0.001500000  0.000000000  0.000000000           0             -Inf      0.000000000  
       307       -172.28018        -29.39656   6883.38041      0.000372586  1.000000000      0.001500000  0.000000000  0.000000000           0             -Inf      0.000000000  
       308       -168.48463        -30.76134   6016.17519      0.000513087  1.000000000      0.001500000  0.000000000  0.000000000           0             -Inf      0.000000000  
       309       -169.56319        -31.24430   5920.23646      0.000399655  1.000000000      0.001500000  0.000000000  0.000000000           0             -Inf      0.000000000  
       310       -168.23870        -29.67244   5448.25349      0.000421526  1.000000000      0.001500000  0.000000000  0.000000000           0             -Inf      0.000000000  
       311       -165.11991        -29.43684   5187.38767      0.000525859  1.000000000      0.001500000  0.000000000  0.000000000           0             -Inf      0.000000000  
       312       -168.00561        -35.69227   5583.01481      0.000439506  1.000000000      0.001500000  0.000000000  0.000000000           0             -Inf      0.000000000  
       313       -164.65602        -28.95862   4965.63004      0.000612826  1.000000000      0.001500000  0.000000000  0.000000000           0             -Inf      0.000000000  
       314       -163.27200        -32.08026   4854.86869      0.000680314  1.000000000      0.001500000  0.000000000  0.000000000           0             -Inf      0.000000000  
       315       -165.93328        -30.79801   4811.92928      0.000458163  1.000000000      0.001500000  0.000000000  0.000000000           0             -Inf      0.000000000  
       316       -165.23931        -30.65988   5570.78709      0.000528121  1.000000000      0.001500000  0.000000000  0.000000000           0             -Inf      0.000000000  
       317       -167.44722        -28.50859   5496.29018      0.000477061  1.000000000      0.001500000  0.000000000  0.000000000           0             -Inf      0.000000000  
       318       -187.77470        -29.84805  11536.16073      0.000217366  1.000000000      0.001500000  0.000000000  0.000000000           0       -585.99682      0.000000000  
       319       -181.02911        -29.16730   7904.31926      0.000291508  1.000000000      0.001500000  0.000000000  0.000000000           0             -Inf      0.000000000  
       320       -171.27625        -29.50415   6318.56841      0.000440523  1.000000000      0.001500000  0.000000000  0.000000000           0             -Inf      0.000000000  
       321       -172.33129        -28.96382   5447.99177      0.000428349  1.000000000      0.001500000  0.000000000  0.000000000           0             -Inf      0.000000000  
       322       -166.48785        -29.52559   5664.58282      0.000490050  1.000000000      0.001500000  0.000000000  0.000000000           0             -Inf      0.000000000  
       323       -169.61791        -29.66158   6951.43213      0.000429376  1.000000000      0.001500000  0.000000000  0.000000000           0             -Inf      0.000000000  
       324       -170.22765        -30.89939   6601.76478      0.000374227  1.000000000      0.001500000  0.000000000  0.000000000           0             -Inf      0.000000000  
       325       -167.23024        -31.69786   6232.21861      0.000460628  1.000000000      0.001500000  0.000000000  0.000000000           0             -Inf      0.000000000  
       326       -166.51235        -29.71281   5051.47677      0.000495870  1.000000000      0.001500000  0.000000000  0.000000000           0             -Inf      0.000000000  
       327       -171.52059        -30.13880   5461.50109      0.000411696  1.000000000      0.001500000  0.000000000  0.000000000           0             -Inf      0.000000000  
       328       -171.70861        -28.83348   5429.97457      0.000417156  1.000000000      0.001500000  0.000000000  0.000000000           0             -Inf      0.000000000  
       329       -166.91271        -32.98768   5782.64264      0.000462465  1.000000000      0.001500000  0.000000000  0.000000000           0             -Inf      0.000000000  
       330       -171.40422        -30.72157   5896.50006      0.000445592  1.000000000      0.001500000  0.000000000  0.000000000           0             -Inf      0.000000000  
       331       -172.25849        -30.97498   6965.42774      0.000454434  1.000000000      0.001500000  0.000000000  0.000000000           0             -Inf      0.000000000  
       332       -179.14851        -28.31526   7129.82215      0.000333680  1.000000000      0.001500000  0.000000000  0.000000000           0             -Inf      0.000000000  
       333       -171.91852        -29.43299   5956.08017      0.000428789  1.000000000      0.001500000  0.000000000  0.000000000           0             -Inf      0.000000000  
       334       -173.76836        -28.99428   7098.25258      0.000356071  1.000000000      0.001500000  0.000000000  0.000000000           0             -Inf      0.000000000  
       335       -166.82991        -28.91168   6686.68513      0.000550606  1.000000000      0.001500000  0.000000000  0.000000000           0             -Inf      0.000000000  
       336       -172.81700        -28.29234   6504.53463      0.000384674  1.000000000      0.001500000  0.000000000  0.000000000           0             -Inf      0.000000000  
       337       -165.62126        -35.19538   5037.31598      0.000478464  1.000000000      0.001500000  0.000000000  0.000000000           0             -Inf      0.000000000  
       338       -169.34921        -29.12963   5051.85094      0.000452894  1.000000000      0.001500000  0.000000000  0.000000000           0             -Inf      0.000000000  
       339       -179.22442        -29.11943   6888.94002      0.000326831  1.000000000      0.001500000  0.000000000  0.000000000           0             -Inf      0.000000000  
       340       -182.05238        -28.88605   9679.98608      0.000256677  1.000000000      0.001500000  0.000000000  0.000000000           0       -682.18186      0.000000000  
       341       -186.25644        -33.55355  11213.76733      0.000186901  1.000000000      0.001500000  0.000000000  0.000000000           0       -679.35126      0.000000000  
       342       -185.33930        -27.64498  11637.40418      0.000288401  1.000000000      0.001500000  0.000000000  0.000000000           0             -Inf      0.000000000  
       343       -182.91668        -27.82884  13805.49609      0.000297354  1.000000000      0.001500000  0.000000000  0.000000000           0             -Inf      0.000000000  
       344       -190.81265        -27.45718  14887.75195      0.000199426  1.000000000      0.001500000  0.000000000  0.000000000           0       -656.25632      0.000000000  
       345       -179.12460        -28.96505  10182.76708      0.000303828  1.000000000      0.001500000  0.000000000  0.000000000           0             -Inf      0.000000000  
       346       -178.22173        -27.57490   9333.46099      0.000320478  1.000000000      0.001500000  0.000000000  0.000000000           0             -Inf      0.000000000  
       347       -174.85031        -31.93867   7583.88589      0.000377001  1.000000000      0.001500000  0.000000000  0.000000000           0             -Inf      0.000000000  
       348       -175.67118        -30.06786   7489.31257      0.000315816  1.000000000      0.001500000  0.000000000  0.000000000           0             -Inf      0.000000000  
       349       -184.70322        -30.55302  10347.83871      0.000246291  1.000000000      0.001500000  0.000000000  0.000000000           0       -675.00553      0.000000000  
       350       -179.12221        -31.09602   9938.15431      0.000305585  1.000000000      0.001500000  0.000000000  0.000000000           0             -Inf      0.000000000  
       351       -177.34633        -28.18804  12288.35398      0.000360192  1.000000000      0.001500000  0.000000000  0.000000000           0             -Inf      0.000000000  
       352       -174.07167        -28.52853   6082.61281      0.000365684  1.000000000      0.001500000  0.000000000  0.000000000           0             -Inf      0.000000000  
       353       -175.11520        -30.91071   7635.07914      0.000402487  1.000000000      0.001500000  0.000000000  0.000000000           0             -Inf      0.000000000  
       354       -169.90173        -30.87161   6832.63875      0.000433531  1.000000000      0.001500000  0.000000000  0.000000000           0             -Inf      0.000000000  
       355       -174.44877        -29.31048   7201.26023      0.000379289  1.000000000      0.001500000  0.000000000  0.000000000           0             -Inf      0.000000000  
       356       -172.20540        -28.81459   6925.03757      0.000383893  1.000000000      0.001500000  0.000000000  0.000000000           0             -Inf      0.000000000  
       357       -168.91278        -28.93967   6373.06175      0.000513798  1.000000000      0.001500000  0.000000000  0.000000000           0             -Inf      0.000000000  
       358       -168.81991        -30.32869   5284.65894      0.000416751  1.000000000      0.001500000  0.000000000  0.000000000           0             -Inf      0.000000000  
       359       -174.36148        -32.54528   6068.97050      0.000384707  1.000000000      0.001500000  0.000000000  0.000000000           0             -Inf      0.000000000  
       360       -165.83149        -31.56580   6623.25945      0.000535544  1.000000000      0.001500000  0.000000000  0.000000000           0             -Inf      0.000000000  
       361       -172.14388        -29.25500   6466.84918      0.000410884  1.000000000      0.001500000  0.000000000  0.000000000           0             -Inf      0.000000000  
       362       -180.99448        -30.36906   7951.73985      0.000274603  1.000000000      0.001500000  0.000000000  0.000000000           0             -Inf      0.000000000  
