[1 samples from mcmc run generated by language trees. File written 09-Aug-2021 13:16:19]
[For associated trees see same file with .nex extension]
[    Sample   log prior      integrated llkd   root time           mu           p            lambda       kappa           rho              ncat      log likelihood        beta ]
         1       -173.81933       -125.05750   5371.67090      0.000153131  1.000000000      0.001500000  0.000000000  0.000000000           0             -Inf      0.000000000  
         2       -187.48174        -69.62130   8574.37968      0.000142476  1.000000000      0.001500000  0.000000000  0.000000000           0             -Inf      0.000000000  
         3       -189.36459        -62.44061   9077.42112      0.000116045  1.000000000      0.001500000  0.000000000  0.000000000           0             -Inf      0.000000000  
         4       -189.54073        -58.38471   8848.07461      0.000117528  1.000000000      0.001500000  0.000000000  0.000000000           0             -Inf      0.000000000  
         5       -188.43523        -61.61019   8929.09477      0.000123271  1.000000000      0.001500000  0.000000000  0.000000000           0             -Inf      0.000000000  
         6       -184.80946        -62.58302   7941.59486      0.000123851  1.000000000      0.001500000  0.000000000  0.000000000           0             -Inf      0.000000000  
         7       -183.99678        -64.62203   7752.03517      0.000136263  1.000000000      0.001500000  0.000000000  0.000000000           0             -Inf      0.000000000  
         8       -181.01184        -63.95898   7512.27932      0.000144375  1.000000000      0.001500000  0.000000000  0.000000000           0             -Inf      0.000000000  
         9       -182.13748        -61.19326   7415.64688      0.000146965  1.000000000      0.001500000  0.000000000  0.000000000           0             -Inf      0.000000000  
        10       -183.01518        -59.36393   7516.15572      0.000160219  1.000000000      0.001500000  0.000000000  0.000000000           0             -Inf      0.000000000  
        11       -181.96341        -59.97017   7478.85171      0.000160219  1.000000000      0.001500000  0.000000000  0.000000000           0             -Inf      0.000000000  
        12       -182.77863        -59.50767   7808.96351      0.000139916  1.000000000      0.001500000  0.000000000  0.000000000           0             -Inf      0.000000000  
        13       -181.30158        -58.28332   7808.96351      0.000152937  1.000000000      0.001500000  0.000000000  0.000000000           0             -Inf      0.000000000  
        14       -181.80134        -57.50974   7961.73261      0.000154648  1.000000000      0.001500000  0.000000000  0.000000000           0             -Inf      0.000000000  
        15       -180.80050        -59.85962   7952.08498      0.000154648  1.000000000      0.001500000  0.000000000  0.000000000           0             -Inf      0.000000000  
        16       -181.59907        -61.30505   7414.73563      0.000151871  1.000000000      0.001500000  0.000000000  0.000000000           0             -Inf      0.000000000  
        17       -179.71232        -62.99779   6946.44667      0.000172741  1.000000000      0.001500000  0.000000000  0.000000000           0             -Inf      0.000000000  
        18       -177.72582        -62.10786   6857.46111      0.000167276  1.000000000      0.001500000  0.000000000  0.000000000           0             -Inf      0.000000000  
        19       -181.11473        -59.00470   6857.46111      0.000165861  1.000000000      0.001500000  0.000000000  0.000000000           0             -Inf      0.000000000  
        20       -180.43607        -57.31787   6845.66948      0.000165090  1.000000000      0.001500000  0.000000000  0.000000000           0             -Inf      0.000000000  
        21       -179.65831        -55.68699   6845.66948      0.000165090  1.000000000      0.001500000  0.000000000  0.000000000           0             -Inf      0.000000000  
        22       -178.06215        -56.35674   6515.80717      0.000178991  1.000000000      0.001500000  0.000000000  0.000000000           0             -Inf      0.000000000  
        23       -177.31992        -55.89932   6421.99345      0.000178991  1.000000000      0.001500000  0.000000000  0.000000000           0             -Inf      0.000000000  
        24       -175.44872        -56.23973   6476.38186      0.000198082  1.000000000      0.001500000  0.000000000  0.000000000           0             -Inf      0.000000000  
        25       -176.17125        -58.67075   6476.38186      0.000200584  1.000000000      0.001500000  0.000000000  0.000000000           0             -Inf      0.000000000  
        26       -174.69760        -67.44942   6476.38186      0.000200584  1.000000000      0.001500000  0.000000000  0.000000000           0             -Inf      0.000000000  
        27       -178.78656        -59.37926   7302.72069      0.000176617  1.000000000      0.001500000  0.000000000  0.000000000           0             -Inf      0.000000000  
        28       -176.97173        -58.56580   7134.97568      0.000178574  1.000000000      0.001500000  0.000000000  0.000000000           0             -Inf      0.000000000  
        29       -174.10403        -59.82746   6678.40252      0.000178574  1.000000000      0.001500000  0.000000000  0.000000000           0             -Inf      0.000000000  
        30       -174.29194        -60.64316   6560.19643      0.000167675  1.000000000      0.001500000  0.000000000  0.000000000           0             -Inf      0.000000000  
        31       -178.65271        -57.08769   7298.03439      0.000169540  1.000000000      0.001500000  0.000000000  0.000000000           0             -Inf      0.000000000  
        32       -181.24431        -56.03678   7807.25677      0.000157283  1.000000000      0.001500000  0.000000000  0.000000000           0             -Inf      0.000000000  
        33       -180.29451        -57.03262   7507.35309      0.000157283  1.000000000      0.001500000  0.000000000  0.000000000           0             -Inf      0.000000000  
        34       -180.40446        -59.34648   7507.35309      0.000157283  1.000000000      0.001500000  0.000000000  0.000000000           0             -Inf      0.000000000  
        35       -181.19823        -56.63521   7634.32574      0.000157367  1.000000000      0.001500000  0.000000000  0.000000000           0             -Inf      0.000000000  
        36       -181.82168        -56.22515   7770.86122      0.000143829  1.000000000      0.001500000  0.000000000  0.000000000           0             -Inf      0.000000000  
        37       -182.46440        -61.11455   8038.32176      0.000181689  1.000000000      0.001500000  0.000000000  0.000000000           0             -Inf      0.000000000  
        38       -183.10430        -57.14683   8038.32176      0.000164029  1.000000000      0.001500000  0.000000000  0.000000000           0             -Inf      0.000000000  
        39       -182.47113        -57.66066   8038.32176      0.000149932  1.000000000      0.001500000  0.000000000  0.000000000           0             -Inf      0.000000000  
        40       -180.29354        -57.79040   7585.07833      0.000154561  1.000000000      0.001500000  0.000000000  0.000000000           0             -Inf      0.000000000  
        41       -180.76978        -56.50328   7559.88332      0.000177545  1.000000000      0.001500000  0.000000000  0.000000000           0             -Inf      0.000000000  
        42       -181.40515        -56.15838   7559.88332      0.000153096  1.000000000      0.001500000  0.000000000  0.000000000           0             -Inf      0.000000000  
        43       -181.68296        -55.75107   7889.81646      0.000166206  1.000000000      0.001500000  0.000000000  0.000000000           0             -Inf      0.000000000  
        44       -182.89312        -54.71604   7889.81646      0.000157867  1.000000000      0.001500000  0.000000000  0.000000000           0             -Inf      0.000000000  
        45       -178.00171        -54.96911   7551.65849      0.000170158  1.000000000      0.001500000  0.000000000  0.000000000           0             -Inf      0.000000000  
        46       -178.45614        -55.33832   7570.36338      0.000170067  1.000000000      0.001500000  0.000000000  0.000000000           0             -Inf      0.000000000  
        47       -178.34462        -54.57409   7570.36338      0.000172994  1.000000000      0.001500000  0.000000000  0.000000000           0             -Inf      0.000000000  
        48       -177.49032        -56.00271   7872.54899      0.000172994  1.000000000      0.001500000  0.000000000  0.000000000           0             -Inf      0.000000000  
        49       -176.77585        -55.76857   7609.17143      0.000172994  1.000000000      0.001500000  0.000000000  0.000000000           0             -Inf      0.000000000  
        50       -176.35310        -55.96903   7609.17143      0.000172994  1.000000000      0.001500000  0.000000000  0.000000000           0             -Inf      0.000000000  
        51       -176.42654        -54.64385   7609.17143      0.000180837  1.000000000      0.001500000  0.000000000  0.000000000           0             -Inf      0.000000000  
