42508
51036
34663
55467
44493
79328
48283
47952
54144
62055
48447
60089
67754
47290
35742
46184
44493
48529
44824
47989
58366
62435
93257
52202
62469
54576
48729
40882
47336
43559
43479
53240
55527
63481
50067
39788
37285
35257
67676
57698
63999
48906
42868
1.0413e+05
53225
43112
50535
39199
56429
71515
49902
69852
76537
44484
35264
50807
35831
48424
62814
58395
58298
50653
45339
37256
98207
61445
65136
68811
56820
63389
87401
34646
48591
46345
39953
52793
54112
50411
68671
43632
48357
52540
51317
40968
42186
47837
58319
56622
62067
48412
51356
79817
89203
74548
67437
54823
60215
42687
37196
37951
71220
80001
49121
63298
62781
74597
64190
38563
46661
63654
73557
55867
43606
51122
80018
63736
58074
85109
57785
58571
52492
42750
48499
51984
81902
45796
38124
37358
36305
48638
50560
47215
46478
37083
50278
79636
50599
84736
50736
70998
71914
44734
68833
55225
57151
1.0237e+05
58722
37395
29918
64943
44849
57356
63922
43909
64379
47260
39128
39131
43034
60394
58841
42542
78177
40978
67463
43983
48202
46949
36540
37254
54876
37008
69339
53414
45591
62743
42813
40436
38707
58975
46498
47100
68131
98317
87154
44658
41365
48039
42072
34426
59809
84165
42692
48202
52725
55282
67366
33641
57935
69445
53674
69229
56925
49153
47934
1.266e+05
80185
1.2145e+05
92700
74698
90468
47967
79507
45515
39420
70476
56350
88062
57830
73594
52463
55467
39581
51444
57515
69087
77674
64681
52333
53776
34530
48905
57623
49321
43331
63527
62277
39709
55057
36643
36993
92904
42584
70220
60291
74956
67859
68839
43719
72588
34344
47356
37911
55292
52338
48970
31526
52507
49746
58764
42660
41652
70136
49826
54218
45799
46133
38899
42190
54107
37901
40845
41997
49070
55860
87783
54927
49490
49595
48113
52858
39434
57188
69024
64819
69082
58118
79504
58533
1.0273e+05
46971
82416
77399
76794
55819
37504
46132
48806
47185
53817
58052
49483
46636
37948
48581
53177
39031
49462
47554
37894
81688
53193
53223
51673
68629
66623
56681
48843
48482
54600
55646
39125
38360
42417
78948
69513
37550
49525
63573
39786
53043
42984
42603
59245
84818
57732
49445
44610
44350
53366
1.0058e+05
40167
41622
41518
80312
1.0635e+05
86902
74449
44550
60616
32986
65722
59357
61236
44123
44039
50458
65468
42715
38355
68825
50938
70328
71816
47926
42867
77038
58781
71692
42557
51103
75429
56299
54941
38473
43830
54764
65822
61756
59010
62044
63395
37599
36560
44337
57707
67004
63570
79658
45472
61685
56156
47357
37631
45902
63742
51626
49768
92327
75663
43481
62175
41887
63497
51250
77302
55593
1.2818e+05
56004
49792
57131
42638
69134
69238
46313
62684
63832
50066
59673
50573
53359
64112
73366
85503
60064
52777
78010
63577
40470
64383
58944
44813
46790
39439
67174
44439
49070
40944
45017
67718
52279
81883
66568
99192
56504
63008
63533
40691
57906
37107
42697
48836
66538
70520
36923
54281
80412
55622
65963
52187
54550
48278
40259
43091
49525
44706
35550
47253
45637
44319
50335
57693
39697
56959
45127
55960
36275
39891
62056
67665
50506
63675
76025
1.0155e+05
54437
48383
58474
44541
62045
51295
52658
60195
41995
38540
46095
82113
79956
61665
71059
66056
51427
58995
68901
60076
42896
56895
51803
48025
43869
44609
53787
50603
58064
53801
75448
42747
89870
41767
65547
75674
42728
63371
48686
42962
39717
43334
61157
58496
30927
39795
74901
42106
38511
62956
48214
42757
39928
49586
66926
58075
52580
84726
62268
79731
64069
59706
40465
42262
60661
60937
39880
56919
46429
45530
46510
43605
68826
49447
90182
34363
57583
44851
54167
35805
44846
39291
50424
51884
55305
49424
48728
52421
45763
44974
1.1449e+05
52479
65411
57606
56152
56105
69902
58087
49622
53305
64511
61072
45733
50061
70056
35401
49902
57287
44926
50647
38689
36647
55920
45249
46112
41764
48564
55301
47938
49033
45255
38074
74586
48141
55976
43675
48069
49672
66020
54924
56311
69014
56461
38654
72905
42068
56859
1.1639e+05
88377
64265
39555
81509
64873
1.1687e+05
51464
45573
88951
40604
48040
74033
68609
68641
45995
49814
44919
95502
77760
57760
71793
76603
56515
63494
60270
51901
78559
60098
72064
67653
65302
82057
54195
47912
44880
47014
49218
95530
47553
41361
41307
70449
58712
39025
1.0442e+05
47352
44882
55000
75961
46510
47393
49665
48117
47236
84471
50508
59066
88540
56859
90351
73487
46435
41909
36466
61788
1.4874e+05
73954
63427
48039
47849
84617
64430
54326
79568
53857
58693
44421
1.0673e+05
75596
46484
49224
49677
42966
45695
70788
57448
55154
64341
45282
80593
76081
74011
66604
42712
41821
43554
43602
57269
78372
44700
43123
40765
46296
36630
42713
43152
61538
37087
59105
63353
68210
56404
53734
55732
46583
62217
37664
45723
58463
68730
65056
1.047e+05
63930
66640
55028
48863
52662
63260
52088
82074
48208
36595
59066
69543
46021
52800
38320
59504
36219
47421
42849
51553
45402
41830
44377
41599
69439
56970
52752
39651
44224
57865
45500
46903
59393
44373
43904
66418
65984
70894
62424
60898
49177
55455
40641
32245
52179
52412
48576
58950
92980
62319
52507
92570
85907
59256
35459
43044
33956
41095
46630
53500
64993
35835
48374
47881
85636
46368
50451
49645
42646
55132
52051
65635
68936
98218
78988
55582
46012
66792
45877
54190
61459
57111
56022
61934
90336
68397
59794
42273
45424
54235
45675
68965
62523
46252
67690
57257
69495
63242
61488
53170
41564
43328
35964
31765
37419
43818
51782
44235
43185
51564
44077
71328
58012
51771
40759
39760
51255
52571
66295
63827
74557
59868
70317
93890
61651
57858
57778
56963
43735
42800
51854
53897
76005
49599
60643
51934
75869
72959
54210
48365
42040
72874
47070
39423
58641
59926
83164
52757
52662
45566
65560
81385
68378
61764
49142
49246
55660
67638
67585
76863
51154
90848
43462
49973
42322
53897
43307
41960
37854
48561
43924
45974
55323
54427
86141
54909
51156
50023
45108
50156
65415
51349
41662
64642
53037
47493
50168
50038
59733
41181
63513
81177
35805
51234
41174
48421
61237
39915
58270
45284
41631
49113
69553
76349
60574
36851
43510
41654
64212
95563
84248
56415
52290
42205
53584
81426
63215
45863
58607
44237
53079
35759
36868
88666
64296
79652
67620
40103
65040
80749
58106
77163
56397
44958
46905
50631
74576
36170
40825
48963
41724
74580
58904
53788
49124
43351
47805
30963
48237
49593
54092
56512
54980
55814
48493
53882
71244
