44875
61034
67706
72784
70757
75569
82757
76149
79375
71655
76017
71324
70255
72690
75858
82624
76209
77530
73216
78116
79719
81896
78261
74027
75617
76464
79105
78314
74398
75250
71834
74474
72135
69002
74195
78755
75313
77445
77718
66404
71507
71188
73754
70892
72637
76274
72907
76418
72663
68491
81598
69937
75141
80046
70883
81542
76093
76427
76092
74755
72268
73078
75452
73121
77216
79421
75754
66482
78293
82844
69346
69381
73030
73726
76160
73659
77685
75368
72733
74428
79291
74512
77430
82115
76602
75410
73464
81305
77348
73608
79608
76931
80740
75134
73568
72139
77531
80414
74576
77701
79921
76373
80911
79107
75912
71436
80548
75318
74892
77299
78871
69841
73521
78892
82011
72942
69324
72334
79219
81001
74201
77720
73068
75415
80806
75459
83396
74976
73580
73890
76293
78717
81532
74297
70749
73917
78390
73008
70723
71951
71389
70648
68547
67193
74733
75987
72841
75700
74279
77134
70802
75245
76593
73588
73791
74515
73691
76992
85138
84593
80542
78422
78354
77190
80141
82623
83003
73675
77631
78769
71977
68423
77683
68126
72156
72433
73946
72673
82585
81455
84632
80030
76736
74898
80301
72271
73079
79684
71439
72285
75468
72400
74825
71381
70417
73133
66570
70613
75957
73913
80696
68609
76953
80953
68623
75940
75943
73094
73855
74829
76735
81850
81881
82792
82099
79041
76970
83544
79456
76426
71112
73416
74539
77297
74275
81110
70485
75153
73555
73921
79624
67639
75897
87731
72826
77503
71853
74378
73009
74704
81158
77799
71523
77240
73039
76888
70304
72648
72656
68485
79742
80489
84619
77138
81719
74526
65679
72208
73641
74387
76603
73558
72652
74467
69231
79129
73461
73643
71566
78188
79686
77085
77501
80000
81635
83710
73929
69772
72374
79660
74133
76158
74057
72814
75758
74690
76195
79810
69851
77789
79691
84352
77285
71084
77420
84952
85874
73661
82585
75422
72419
74047
75592
80000
70536
69705
73818
71494
78558
74257
72780
80463
78032
74746
71036
80634
79864
78618
76877
78120
75314
78127
80842
78556
76076
73472
70701
70056
73502
71952
75592
70481
74232
76919
80888
74883
74820
74017
78126
76642
77606
75871
76980
75134
77026
71843
72635
81836
78373
72718
80662
80973
73998
74563
74968
73153
79959
69955
68518
77364
76425
84632
74732
85268
75731
68438
76601
77014
69067
72782
69088
77369
80374
77802
74575
67819
68705
69638
71929
76987
79399
76812
77577
76222
76401
77843
80245
81276
75634
75958
84662
79611
72445
72450
67197
70113
77792
79262
75694
86826
76671
79334
73802
76144
71041
73665
75463
74464
75656
74102
78944
82952
72199
70273
75280
79072
78539
74642
74949
74859
65836
78528
73290
75341
76606
78826
75451
72685
77747
76326
67814
82393
79477
78095
79307
79417
81873
67227
69620
75721
76041
71104
70887
74181
72254
74896
67330
73637
78296
76620
75963
74643
76452
75869
87567
80017
69072
69402
70663
79222
77490
80966
74270
78855
83456
70103
73570
74624
76694
79792
74308
76824
76743
77401
82845
74468
71040
74435
77402
74809
77284
75550
74623
74151
67440
66123
66222
79891
75853
80790
80391
77302
75765
77227
73454
76086
82622
79295
70735
69522
78250
74121
72888
78488
80500
72146
71455
74249
77159
83075
74448
76495
74502
79696
76573
75412
72494
76627
70932
68030
74467
75048
68702
74095
72674
76158
70122
69546
72673
77411
75983
68961
76530
74563
74465
73735
81048
73735
73367
76229
79940
81444
79462
69921
79932
83346
80408
76411
84308
80339
79200
81211
76700
69293
74710
78179
72485
78212
72281
74306
86008
83323
88767
85906
81277
84251
80862
75444
80207
81740
82538
81616
72521
89717
77492
77475
81342
79292
79423
76665
76465
74369
74438
76767
74028
75087
68678
71586
64930
71299
69870
66943
79664
75167
78751
77974
80413
73897
74007
75233
73936
73139
76491
72630
71001
74839
79330
70397
80080
72426
72773
74018
68430
79754
77162
69518
75600
72868
76262
72865
74206
74677
67367
77695
66911
74600
80103
73664
77113
77321
72341
74221
74539
71213
77218
73533
77736
71314
76337
78672
77158
75412
81098
81155
77952
81362
68827
79180
73603
69848
73326
76930
78640
78202
76867
72274
70766
73293
67786
77943
75667
79247
73008
76565
71794
71724
69598
77819
71396
76093
83336
77973
79775
77709
71618
74198
76204
80306
75291
73876
75448
75459
71776
71173
66332
75954
78060
78557
75112
71339
76155
72563
79437
67336
80794
75706
73162
73374
71286
72825
80156
78209
87504
80480
74393
77555
76108
73690
77552
76233
83493
71559
73207
76944
77099
78736
77402
68805
71289
78886
71966
84593
72880
75968
78866
76756
83479
79380
74941
75011
70552
79003
73877
68088
73011
77037
74061
80529
81801
76029
72744
74788
72910
70694
71165
70088
68323
74125
74816
66294
72733
72760
74725
72952
67999
78289
80444
77106
69869
74250
71124
76693
72940
82562
81053
84087
77503
79308
75936
77003
72841
74263
72226
74892
72609
69456
80179
82951
70754
76595
68052
76747
77910
71873
78182
68789
77290
83736
73800
79604
77857
72220
80482
68799
76963
79901
82565
75243
75714
81296
74107
67360
68403
78968
72341
77204
67322
71920
73863
71727
75094
79123
73844
84137
79050
77073
69260
75195
74585
80694
78611
77648
67016
72985
74419
69595
78893
78026
76009
73196
68488
86884
78280
81633
76489
71105
74578
80979
85239
79710
70139
67634
71044
69105
75625
79138
78081
78046
79097
81324
73188
72578
72949
76202
74050
77665
76177
79363
82096
84950
77027
78706
79806
79309
69421
77994
74182
83124
79088
77281
72432
74401
83993
83595
69452
76670
82393
76236
77040
68891
73727
72227
72558
79355
73993
69191
74808
74472
76449
73375
70662
75907
73749
79361
86985
76272
76710
75959
71744
72543
76634
76739
77628
76226
75522
82127
76739
71750
78296
76990
77682
79258
76202
74811
72058
71113
70303
69448
84814
76137
71194
80911
73295
76695
73149
78656
77147
71946
74143
68092
70546
69051
69405
66778
72323
70892
63696
72320
76078
77771
73613
73356
71824
77392
73792
75970
77000
76840
80925
75955
73573
69341
68831
73328
80412
73138
72522
76738
79216
82153
75353
77758
75642
76689
70325
71418
66874
73957
78770
73447
77937
81361
76814
73830
70448
73136
70887
73351
78288
74861
75002
80291
73825
76537
72716
74038
74053
81889
83482
83272
76878
76358
82997
80325
85324
90340
78923
72190
73982
79993
75419
