92297
1.0253e+05
88169
99762
1.1319e+05
75126
59931
99485
1.2194e+05
1.0247e+05
1.4483e+05
1.598e+05
68076
1.079e+05
84203
1.1294e+05
1.0174e+05
98936
1.1475e+05
1.4291e+05
84962
90020
1.3554e+05
82687
1.1366e+05
1.381e+05
94962
1.0253e+05
89655
1.0126e+05
1.3702e+05
1.0858e+05
90857
93242
1.0181e+05
1.0274e+05
1.0192e+05
87615
53163
86099
70543
89167
1.2386e+05
97473
75740
82164
51516
64849
1.3684e+05
61332
55196
62279
82140
79515
48459
54925
79273
1.069e+05
92036
84312
88003
1.4182e+05
1.081e+05
75717
1.2847e+05
77103
94931
87646
1.562e+05
94968
90800
1.5278e+05
87167
1.3872e+05
1.225e+05
70277
69666
1.1679e+05
88756
75812
1.1288e+05
1.2611e+05
83529
92380
78965
1.4468e+05
87095
71682
94388
66783
87077
1.4479e+05
79078
68109
97167
1.0425e+05
1.2227e+05
56511
77216
1.0624e+05
1.0957e+05
1.1274e+05
61681
80959
1.0533e+05
1.2538e+05
98614
1.347e+05
82001
1.5125e+05
1.4697e+05
88851
1.1044e+05
90734
1.0506e+05
67057
46058
51037
52256
82442
82193
1.2127e+05
1.0024e+05
1.2222e+05
1.3494e+05
54859
79031
1.003e+05
92329
84824
1.517e+05
1.0435e+05
78350
1.44e+05
1.3189e+05
1.354e+05
71456
1.0774e+05
97061
1.0227e+05
67291
67177
95464
1.0087e+05
91531
1.013e+05
80657
69118
52161
1.2449e+05
81461
1.4523e+05
88068
90454
97241
82765
89649
1.1619e+05
76371
1.4319e+05
82811
69848
51680
64495
56563
82072
1.2271e+05
74843
1.3861e+05
97234
97672
75845
66448
1.202e+05
64142
1.3091e+05
1.3597e+05
80463
50033
1.0472e+05
1.4327e+05
1.2456e+05
1.128e+05
79904
83750
49477
53257
56113
1.4768e+05
92898
72008
93142
98651
1.2986e+05
1.2479e+05
1.2184e+05
1.3595e+05
64244
79778
1.1158e+05
1.2423e+05
84345
95884
1.0246e+05
85369
1.4539e+05
1.3906e+05
96679
1.0588e+05
1.0977e+05
1.2259e+05
66864
73802
88605
1.1989e+05
80125
97758
1.3255e+05
1.3058e+05
97092
1.0767e+05
1.3783e+05
1.0877e+05
1.2093e+05
96929
1.0293e+05
92566
1.2357e+05
93916
1.1172e+05
1.4134e+05
1.4258e+05
71839
66557
73541
1.0263e+05
1.0407e+05
58886
77299
54641
54048
96555
76990
62296
87247
1.0829e+05
1.4385e+05
1.4619e+05
1.1679e+05
1.1517e+05
88711
86529
1.044e+05
92848
88254
1.0888e+05
86132
78627
74838
67135
71988
50866
63263
67053
1.0042e+05
77171
72480
83918
1.2061e+05
51672
53270
88782
78714
1.0072e+05
1.4422e+05
80104
70298
1.2818e+05
1.4785e+05
1.6204e+05
1.3304e+05
1.0903e+05
1.1514e+05
82288
53332
77210
78869
1.4039e+05
1.4235e+05
93724
79279
1.2082e+05
1.2231e+05
77353
48796
41449
58417
77374
46333
71742
49214
59840
1.1828e+05
89574
1.1077e+05
1.2587e+05
1.2699e+05
86222
60309
93073
76213
76905
66180
71728
83694
77739
1.2152e+05
1.3855e+05
1.1245e+05
64357
74116
1.2871e+05
1.1691e+05
1.0256e+05
1.2667e+05
1.3546e+05
88995
77346
1.1047e+05
84341
1.2233e+05
1.4369e+05
69723
64307
76455
1.1483e+05
1.1049e+05
1.0156e+05
1.2871e+05
94263
1.0266e+05
1.1691e+05
80907
1.2242e+05
85598
58491
83572
91600
1.003e+05
64950
1.0481e+05
82288
1.0474e+05
72534
74037
84125
54655
72001
66901
63749
57960
57335
71035
94874
61972
80428
91620
62827
96983
1.0008e+05
1.2776e+05
68663
68239
52483
58008
75937
1.0659e+05
72144
60894
48591
1.2227e+05
1.2354e+05
85377
61462
77598
83427
74582
79654
1.4065e+05
1.0248e+05
1.1299e+05
1.1292e+05
82641
1.5437e+05
1.3497e+05
1.2772e+05
1.3291e+05
87535
72521
68735
78596
71545
1.5097e+05
1.2327e+05
70445
70992
64640
1.0454e+05
85468
1.4139e+05
1.3419e+05
91114
1.1556e+05
1.1621e+05
75652
96417
1.1963e+05
1.2966e+05
1.4226e+05
1.1685e+05
1.3877e+05
91470
1.2662e+05
1.3888e+05
91201
76864
50894
63753
63306
45336
79396
1.0971e+05
67778
69520
56989
1.0659e+05
1.0037e+05
1.508e+05
69443
1.0002e+05
1.2112e+05
92146
77968
79210
53514
53254
53686
57086
52568
91820
68556
60749
47564
67268
1.1278e+05
92621
59801
57770
1.3849e+05
55209
1.1898e+05
1.12e+05
1.17e+05
1.1141e+05
1.1269e+05
1.0036e+05
1.0679e+05
70339
1.3828e+05
1.5473e+05
1.358e+05
1.0886e+05
83828
88582
97080
1.0472e+05
1.3423e+05
92764
68654
72773
89341
79499
1.0795e+05
78737
89985
65568
92968
1.2917e+05
1.4573e+05
62973
63862
89897
1.6671e+05
73250
1.3159e+05
1.4053e+05
1.4462e+05
1.1534e+05
1.0974e+05
1.1562e+05
99801
71121
80015
90766
78617
69826
1.3004e+05
86720
90674
66292
44897
60598
68885
80744
49621
1.3865e+05
1.3128e+05
1.2185e+05
1.0932e+05
1.289e+05
81354
62665
1.0197e+05
57097
1.2228e+05
96008
78059
53859
1.139e+05
1.0653e+05
69352
1.1544e+05
1.4624e+05
99599
1.0384e+05
1.3466e+05
89747
1.1515e+05
78039
84096
1.4044e+05
69946
57944
79114
80484
1.1485e+05
1.4012e+05
73374
61752
50717
72000
85759
1.4467e+05
1.5051e+05
1.0215e+05
91037
55265
1.2916e+05
1.5417e+05
97100
77218
55358
55951
60290
55655
48993
51679
65083
70880
58934
86195
1.0668e+05
1.0492e+05
82489
1.2714e+05
83750
1.2569e+05
80836
1.1655e+05
1.3598e+05
81607
1.1343e+05
88965
73391
1.2634e+05
1.2097e+05
89075
92471
88207
1.1366e+05
1.5925e+05
1.0822e+05
94526
1.0284e+05
1.1073e+05
80223
1.3459e+05
79384
1.0481e+05
66018
1.2061e+05
1.4957e+05
1.1579e+05
1.2366e+05
1.202e+05
79259
1.5975e+05
77046
1.2575e+05
1.1024e+05
1.1266e+05
1.2907e+05
95770
1.1063e+05
88162
82760
58423
61774
61216
60646
91081
79893
60543
69329
71535
55339
1.0971e+05
1.1847e+05
1.3068e+05
1.1979e+05
67186
74851
1.2592e+05
1.0829e+05
1.5789e+05
75526
64611
77156
1.3368e+05
78623
1.1507e+05
1.0787e+05
1.4998e+05
1.3019e+05
1.4115e+05
1.2962e+05
1.2269e+05
1.2631e+05
1.2024e+05
77362
1.0938e+05
98557
85452
63699
68446
1.1139e+05
72983
78545
52976
67407
74581
61679
80374
57059
67324
54335
68638
1.0105e+05
73733
1.309e+05
73614
78551
55249
1.3253e+05
1.1156e+05
75319
75962
1.0701e+05
1.5131e+05
83645
1.31e+05
1.1645e+05
1.2551e+05
1.4898e+05
1.0391e+05
1.26e+05
95293
70700
76751
91336
1.4726e+05
1.3225e+05
58618
74819
1.2184e+05
1.159e+05
97060
1.4761e+05
51021
81568
1.4136e+05
1.1119e+05
82361
91297
95322
80905
50648
61541
1.4181e+05
78136
1.1969e+05
1.174e+05
1.1016e+05
91174
1.1214e+05
95126
66796
55592
57289
71340
1.2847e+05
99596
1.1942e+05
99467
88597
94341
1.1861e+05
1.3586e+05
1.3383e+05
1.0214e+05
1.2086e+05
94995
1.0951e+05
87987
1.1235e+05
95042
1.3506e+05
91126
1.4899e+05
93996
1.007e+05
1.4509e+05
92071
82071
1.2503e+05
86517
67749
95232
89815
1.0979e+05
1.5661e+05
1.2959e+05
1.3613e+05
50493
42325
79148
1.0964e+05
87644
1.5683e+05
1.4443e+05
1.338e+05
1.2005e+05
1.1209e+05
1.2209e+05
1.428e+05
1.1621e+05
1.1208e+05
1.1185e+05
63587
66319
96417
77420
1.0407e+05
1.1409e+05
1.1682e+05
1.1505e+05
1.4111e+05
99839
1.2719e+05
91171
1.4274e+05
1.2955e+05
1.0751e+05
67228
65704
64730
62916
1.2274e+05
86233
59301
78074
1.0092e+05
84787
1.0819e+05
97959
1.0714e+05
77429
1.2576e+05
90489
1.2208e+05
1.2048e+05
75086
61169
99788
1.1027e+05
94239
1.3876e+05
1.2876e+05
1.0049e+05
83279
68986
1.2359e+05
77235
60905
69860
1.2668e+05
97134
1.0421e+05
68371
67632
96128
62751
49309
69954
56962
1.1599e+05
59159
77871
82774
90192
1.3062e+05
1.3813e+05
1.4087e+05
1.4122e+05
73103
87493
89477
1.5148e+05
1.384e+05
1.2908e+05
87241
83940
1.2031e+05
71516
79649
76044
93462
1.0909e+05
1.2105e+05
68791
79081
91162
96784
62359
1.3046e+05
1.1328e+05
1.3213e+05
99226
1.3156e+05
1.2196e+05
1.0401e+05
98999
88768
1.1395e+05
1.2986e+05
67342
1.1853e+05
1.0371e+05
67146
80648
87586
65088
53720
1.0705e+05
77651
92590
1.2447e+05
1.1003e+05
85211
83451
56762
55582
56211
76245
1.0251e+05
1.2232e+05
1.261e+05
1.0206e+05
80785
96034
1.469e+05
1.3012e+05
84444
1.1758e+05
94495
75219
89326
78698
39899
68511
55166
56092
1.0416e+05
1.0288e+05
41205
79679
79779
94691
49867
1.1751e+05
1.394e+05
1.0251e+05
86401
64990
48223
86424
97070
1.1216e+05
70312
1.0261e+05
1.2889e+05
1.2878e+05
69508
1.0323e+05
64449
62768
71755
75323
94075
1.5381e+05
98010
1.5836e+05
1.0636e+05
1.0663e+05
1.1328e+05
1.191e+05
1.3634e+05
1.3567e+05
1.2211e+05
1.452e+05
1.1318e+05
1.2408e+05
1.0646e+05
1.2551e+05
65342
1.1197e+05
1.2037e+05
1.2942e+05
81600
79384
97126
1.1181e+05
1.4617e+05
80898
87945
1.1022e+05
1.6431e+05
1.1146e+05
1.4334e+05
1.3011e+05
49041
53418
1.0783e+05
1.2015e+05
1.5712e+05
1.4325e+05
1.0703e+05
81086
73077
54166
1.0251e+05
69011
75017
1.4145e+05
94878
90726
1.3986e+05
1.2232e+05
1.3763e+05
96460
72257
77356
56755
92719
95541
1.1197e+05
1.4279e+05
1.0626e+05
1.2058e+05
1.0743e+05
92056
1.1237e+05
1.1503e+05
1.3318e+05
1.1246e+05
98321
1.089e+05
1.2768e+05
1.1453e+05
89104
80095
