[1 samples from mcmc run generated by language trees. File written 17-Aug-2021 10:55:27]
[For associated trees see same file with .nex extension]
[    Sample   log prior      integrated llkd   root time           mu           p            lambda       kappa           rho              ncat      log likelihood        beta ]
<<<<<<< HEAD
         1       -177.12371        -75.83196   5467.55917      0.000191229  1.000000000      0.001500000  0.000000000  0.000000000           0             -Inf      0.000000000  
=======
         1       -173.78452       -113.16635   5363.63646      0.000135805  1.000000000      0.001500000  0.000000000  0.000000000           0             -Inf      0.000000000  
         2       -183.77818        -29.43786   7631.40426      0.000261434  1.000000000      0.001500000  0.000000000  0.000000000           0       -699.98068      0.000000000  
         3       -168.71922        -29.96856   5183.63101      0.000432850  1.000000000      0.001500000  0.000000000  0.000000000           0             -Inf      0.000000000  
         4       -177.14397        -28.70696   5969.21844      0.000374161  1.000000000      0.001500000  0.000000000  0.000000000           0             -Inf      0.000000000  
         5       -170.87037        -29.56021   5008.15009      0.000444146  1.000000000      0.001500000  0.000000000  0.000000000           0             -Inf      0.000000000  
         6       -168.73474        -30.23261   5406.90753      0.000428776  1.000000000      0.001500000  0.000000000  0.000000000           0             -Inf      0.000000000  
         7       -174.28214        -32.88488   5493.68142      0.000361889  1.000000000      0.001500000  0.000000000  0.000000000           0             -Inf      0.000000000  
         8       -170.47337        -30.82611   5286.17260      0.000448171  1.000000000      0.001500000  0.000000000  0.000000000           0             -Inf      0.000000000  
         9       -171.84184        -30.99523   4770.65400      0.000410911  1.000000000      0.001500000  0.000000000  0.000000000           0             -Inf      0.000000000  
        10       -168.20008        -32.22584   4957.69720      0.000482322  1.000000000      0.001500000  0.000000000  0.000000000           0             -Inf      0.000000000  
        11       -166.50932        -30.19561   5380.01795      0.000416133  1.000000000      0.001500000  0.000000000  0.000000000           0             -Inf      0.000000000  
        12       -169.89625        -29.55926   5284.88190      0.000383127  1.000000000      0.001500000  0.000000000  0.000000000           0             -Inf      0.000000000  
        13       -166.83310        -29.47266   5720.42276      0.000500839  1.000000000      0.001500000  0.000000000  0.000000000           0             -Inf      0.000000000  
        14       -174.48941        -29.20580   6087.10049      0.000359570  1.000000000      0.001500000  0.000000000  0.000000000           0             -Inf      0.000000000  
        15       -164.26513        -28.45763   4924.09867      0.000572978  1.000000000      0.001500000  0.000000000  0.000000000           0             -Inf      0.000000000  
        16       -169.68041        -29.67164   6030.77821      0.000462122  1.000000000      0.001500000  0.000000000  0.000000000           0             -Inf      0.000000000  
        17       -171.31241        -30.14069   5081.27420      0.000404417  1.000000000      0.001500000  0.000000000  0.000000000           0             -Inf      0.000000000  
        18       -176.31605        -30.26320   7525.92324      0.000327286  1.000000000      0.001500000  0.000000000  0.000000000           0             -Inf      0.000000000  
        19       -174.64262        -29.86436   6909.32463      0.000362680  1.000000000      0.001500000  0.000000000  0.000000000           0             -Inf      0.000000000  
        20       -164.79261        -32.00997   5148.66681      0.000537380  1.000000000      0.001500000  0.000000000  0.000000000           0             -Inf      0.000000000  
        21       -174.82202        -30.03784   7407.65750      0.000364191  1.000000000      0.001500000  0.000000000  0.000000000           0             -Inf      0.000000000  
        22       -185.71627        -30.99907  10908.24416      0.000238335  1.000000000      0.001500000  0.000000000  0.000000000           0       -664.43468      0.000000000  
        23       -184.87154        -31.31232  10772.93272      0.000226467  1.000000000      0.001500000  0.000000000  0.000000000           0       -710.84555      0.000000000  
        24       -174.86809        -29.70280   8311.52247      0.000384578  1.000000000      0.001500000  0.000000000  0.000000000           0             -Inf      0.000000000  
        25       -179.20269        -31.54798   7509.68404      0.000296290  1.000000000      0.001500000  0.000000000  0.000000000           0       -741.73202      0.000000000  
        26       -166.39780        -30.06017   5852.47970      0.000526705  1.000000000      0.001500000  0.000000000  0.000000000           0             -Inf      0.000000000  
        27       -169.15862        -31.00193   6198.86851      0.000469260  1.000000000      0.001500000  0.000000000  0.000000000           0             -Inf      0.000000000  
        28       -171.61808        -29.51231   5372.61745      0.000465710  1.000000000      0.001500000  0.000000000  0.000000000           0             -Inf      0.000000000  
        29       -168.46624        -29.55724   5573.63833      0.000440566  1.000000000      0.001500000  0.000000000  0.000000000           0             -Inf      0.000000000  
        30       -170.41471        -31.60829   6231.48347      0.000459653  1.000000000      0.001500000  0.000000000  0.000000000           0             -Inf      0.000000000  
        31       -177.86856        -30.43597   7158.20914      0.000314237  1.000000000      0.001500000  0.000000000  0.000000000           0       -742.49416      0.000000000  
        32       -169.95369        -31.59671   7211.89175      0.000380259  1.000000000      0.001500000  0.000000000  0.000000000           0             -Inf      0.000000000  
        33       -174.77071        -28.43401   6677.82813      0.000378332  1.000000000      0.001500000  0.000000000  0.000000000           0             -Inf      0.000000000  
        34       -173.42897        -31.94301   6106.45707      0.000371923  1.000000000      0.001500000  0.000000000  0.000000000           0             -Inf      0.000000000  
        35       -175.35520        -28.15170   7227.29976      0.000385254  1.000000000      0.001500000  0.000000000  0.000000000           0             -Inf      0.000000000  
        36       -175.73784        -30.26293   8166.40928      0.000339751  1.000000000      0.001500000  0.000000000  0.000000000           0             -Inf      0.000000000  
        37       -180.80783        -29.48002   9153.77880      0.000308893  1.000000000      0.001500000  0.000000000  0.000000000           0             -Inf      0.000000000  
        38       -176.37231        -28.61900  10764.64219      0.000389312  1.000000000      0.001500000  0.000000000  0.000000000           0             -Inf      0.000000000  
        39       -186.20302        -28.55391  11181.03953      0.000217061  1.000000000      0.001500000  0.000000000  0.000000000           0       -685.15960      0.000000000  
        40       -182.42383        -28.34166  10469.02075      0.000275443  1.000000000      0.001500000  0.000000000  0.000000000           0             -Inf      0.000000000  
        41       -177.10810        -29.29370   8499.93676      0.000330245  1.000000000      0.001500000  0.000000000  0.000000000           0             -Inf      0.000000000  
        42       -175.85856        -28.15285   7444.21201      0.000331819  1.000000000      0.001500000  0.000000000  0.000000000           0             -Inf      0.000000000  
        43       -170.13730        -30.03336   6560.66124      0.000431682  1.000000000      0.001500000  0.000000000  0.000000000           0             -Inf      0.000000000  
        44       -167.75455        -30.53528   5984.81364      0.000435878  1.000000000      0.001500000  0.000000000  0.000000000           0             -Inf      0.000000000  
        45       -179.42312        -31.03832   6753.94145      0.000290815  1.000000000      0.001500000  0.000000000  0.000000000           0             -Inf      0.000000000  
        46       -173.87886        -31.21793   6097.49786      0.000346444  1.000000000      0.001500000  0.000000000  0.000000000           0             -Inf      0.000000000  
        47       -174.63881        -28.55328   8152.80153      0.000397835  1.000000000      0.001500000  0.000000000  0.000000000           0             -Inf      0.000000000  
        48       -179.86327        -30.38534   8713.75378      0.000307199  1.000000000      0.001500000  0.000000000  0.000000000           0             -Inf      0.000000000  
        49       -174.55844        -28.23129   8132.40047      0.000360347  1.000000000      0.001500000  0.000000000  0.000000000           0             -Inf      0.000000000  
        50       -179.46084        -28.91399   7423.71143      0.000293635  1.000000000      0.001500000  0.000000000  0.000000000           0             -Inf      0.000000000  
        51       -172.74094        -29.77491   6720.07793      0.000350826  1.000000000      0.001500000  0.000000000  0.000000000           0             -Inf      0.000000000  
        52       -170.44971        -29.42497   6229.81814      0.000430532  1.000000000      0.001500000  0.000000000  0.000000000           0             -Inf      0.000000000  
        53       -183.59809        -31.39756   7634.55018      0.000265677  1.000000000      0.001500000  0.000000000  0.000000000           0       -685.93187      0.000000000  
        54       -171.39976        -28.99181   7251.31187      0.000448225  1.000000000      0.001500000  0.000000000  0.000000000           0             -Inf      0.000000000  
        55       -177.52217        -33.06801   7327.72090      0.000343856  1.000000000      0.001500000  0.000000000  0.000000000           0             -Inf      0.000000000  
        56       -182.02585        -30.91196   9228.58107      0.000258435  1.000000000      0.001500000  0.000000000  0.000000000           0             -Inf      0.000000000  
        57       -175.15658        -27.80010   6461.72369      0.000375229  1.000000000      0.001500000  0.000000000  0.000000000           0             -Inf      0.000000000  
        58       -164.59838        -31.58561   5590.52285      0.000510753  1.000000000      0.001500000  0.000000000  0.000000000           0             -Inf      0.000000000  
        59       -169.19216        -29.96225   5898.91396      0.000464307  1.000000000      0.001500000  0.000000000  0.000000000           0             -Inf      0.000000000  
        60       -174.42925        -28.71408   7182.65014      0.000318305  1.000000000      0.001500000  0.000000000  0.000000000           0             -Inf      0.000000000  
        61       -170.52501        -30.49977   5748.97602      0.000443728  1.000000000      0.001500000  0.000000000  0.000000000           0             -Inf      0.000000000  
        62       -171.80470        -28.91185   5583.63451      0.000433857  1.000000000      0.001500000  0.000000000  0.000000000           0             -Inf      0.000000000  
        63       -167.23936        -28.08518   5998.29929      0.000505513  1.000000000      0.001500000  0.000000000  0.000000000           0             -Inf      0.000000000  
        64       -167.69490        -29.57832   5557.30477      0.000466165  1.000000000      0.001500000  0.000000000  0.000000000           0             -Inf      0.000000000  
        65       -171.70946        -30.87717   6763.67885      0.000344803  1.000000000      0.001500000  0.000000000  0.000000000           0             -Inf      0.000000000  
        66       -174.41966        -31.25608   6052.78930      0.000414071  1.000000000      0.001500000  0.000000000  0.000000000           0             -Inf      0.000000000  
        67       -171.06162        -28.73645   5271.80997      0.000456889  1.000000000      0.001500000  0.000000000  0.000000000           0             -Inf      0.000000000  
        68       -166.02493        -31.37442   4480.84777      0.000563881  1.000000000      0.001500000  0.000000000  0.000000000           0             -Inf      0.000000000  
        69       -167.31843        -29.36579   4585.03301      0.000506931  1.000000000      0.001500000  0.000000000  0.000000000           0             -Inf      0.000000000  
        70       -167.52046        -30.21577   5148.02238      0.000531849  1.000000000      0.001500000  0.000000000  0.000000000           0             -Inf      0.000000000  
        71       -170.93604        -29.24589   5756.24998      0.000436084  1.000000000      0.001500000  0.000000000  0.000000000           0             -Inf      0.000000000  
        72       -175.06025        -30.35066   7387.97346      0.000327455  1.000000000      0.001500000  0.000000000  0.000000000           0             -Inf      0.000000000  
        73       -174.77895        -27.92514   7007.71015      0.000345483  1.000000000      0.001500000  0.000000000  0.000000000           0             -Inf      0.000000000  
        74       -172.44142        -29.76190   6620.40502      0.000357704  1.000000000      0.001500000  0.000000000  0.000000000           0             -Inf      0.000000000  
        75       -166.50240        -29.01595   4886.39096      0.000527066  1.000000000      0.001500000  0.000000000  0.000000000           0             -Inf      0.000000000  
        76       -170.54948        -29.28500   5450.81093      0.000459713  1.000000000      0.001500000  0.000000000  0.000000000           0             -Inf      0.000000000  
        77       -168.15969        -29.25942   6383.46701      0.000430428  1.000000000      0.001500000  0.000000000  0.000000000           0             -Inf      0.000000000  
        78       -170.71669        -30.69644   5794.33636      0.000362927  1.000000000      0.001500000  0.000000000  0.000000000           0             -Inf      0.000000000  
        79       -166.34474        -30.25450   5801.53730      0.000429890  1.000000000      0.001500000  0.000000000  0.000000000           0             -Inf      0.000000000  
        80       -173.09679        -30.63043   6460.74109      0.000409083  1.000000000      0.001500000  0.000000000  0.000000000           0             -Inf      0.000000000  
        81       -178.81903        -29.78196   6256.06868      0.000304864  1.000000000      0.001500000  0.000000000  0.000000000           0             -Inf      0.000000000  
        82       -167.98848        -33.45695   5534.65609      0.000478248  1.000000000      0.001500000  0.000000000  0.000000000           0             -Inf      0.000000000  
        83       -175.57970        -29.64392   6594.17883      0.000344032  1.000000000      0.001500000  0.000000000  0.000000000           0             -Inf      0.000000000  
        84       -175.45589        -28.45723   6403.77714      0.000366909  1.000000000      0.001500000  0.000000000  0.000000000           0             -Inf      0.000000000  
        85       -166.72903        -28.43227   6645.14895      0.000521189  1.000000000      0.001500000  0.000000000  0.000000000           0             -Inf      0.000000000  
        86       -171.32676        -30.07629   7365.87951      0.000483537  1.000000000      0.001500000  0.000000000  0.000000000           0             -Inf      0.000000000  
        87       -176.75536        -30.19722   9298.53322      0.000277379  1.000000000      0.001500000  0.000000000  0.000000000           0             -Inf      0.000000000  
        88       -181.09539        -35.03435   8937.70435      0.000285842  1.000000000      0.001500000  0.000000000  0.000000000           0             -Inf      0.000000000  
        89       -183.45901        -33.25172  10313.22608      0.000272758  1.000000000      0.001500000  0.000000000  0.000000000           0       -687.84921      0.000000000  
        90       -174.23649        -31.42719   8448.90904      0.000358035  1.000000000      0.001500000  0.000000000  0.000000000           0             -Inf      0.000000000  
        91       -170.26418        -29.14180   5196.11733      0.000504281  1.000000000      0.001500000  0.000000000  0.000000000           0             -Inf      0.000000000  
        92       -173.95847        -28.85363   7221.06568      0.000426640  1.000000000      0.001500000  0.000000000  0.000000000           0             -Inf      0.000000000  
        93       -171.70348        -30.45295   6768.79067      0.000434273  1.000000000      0.001500000  0.000000000  0.000000000           0             -Inf      0.000000000  
        94       -173.66416        -30.60798   6626.84003      0.000433241  1.000000000      0.001500000  0.000000000  0.000000000           0             -Inf      0.000000000  
        95       -174.31624        -27.60580   6384.35671      0.000385843  1.000000000      0.001500000  0.000000000  0.000000000           0             -Inf      0.000000000  
        96       -168.26862        -31.45034   5641.17691      0.000516603  1.000000000      0.001500000  0.000000000  0.000000000           0             -Inf      0.000000000  
        97       -172.49961        -30.03351   6065.25154      0.000383867  1.000000000      0.001500000  0.000000000  0.000000000           0             -Inf      0.000000000  
        98       -173.03438        -30.64030   6180.55762      0.000397333  1.000000000      0.001500000  0.000000000  0.000000000           0             -Inf      0.000000000  
        99       -174.06477        -29.42760   6358.41930      0.000326487  1.000000000      0.001500000  0.000000000  0.000000000           0             -Inf      0.000000000  
       100       -178.17219        -30.46465   7451.45137      0.000279795  1.000000000      0.001500000  0.000000000  0.000000000           0             -Inf      0.000000000  
       101       -173.10225        -30.14380   6090.49406      0.000366489  1.000000000      0.001500000  0.000000000  0.000000000           0             -Inf      0.000000000  
       102       -183.14356        -33.23575   8103.66466      0.000262339  1.000000000      0.001500000  0.000000000  0.000000000           0             -Inf      0.000000000  
       103       -172.65798        -29.06806   5863.47144      0.000443597  1.000000000      0.001500000  0.000000000  0.000000000           0             -Inf      0.000000000  
       104       -162.70967        -28.37888   5272.28259      0.000607057  1.000000000      0.001500000  0.000000000  0.000000000           0             -Inf      0.000000000  
       105       -170.36162        -28.89550   5316.95698      0.000433558  1.000000000      0.001500000  0.000000000  0.000000000           0             -Inf      0.000000000  
       106       -167.36995        -31.48485   5815.49113      0.000440849  1.000000000      0.001500000  0.000000000  0.000000000           0             -Inf      0.000000000  
       107       -171.42451        -29.00680   6171.39129      0.000428473  1.000000000      0.001500000  0.000000000  0.000000000           0             -Inf      0.000000000  
       108       -174.29038        -32.06109   5865.49163      0.000403376  1.000000000      0.001500000  0.000000000  0.000000000           0             -Inf      0.000000000  
       109       -174.38590        -28.98259   5825.66976      0.000365601  1.000000000      0.001500000  0.000000000  0.000000000           0             -Inf      0.000000000  
       110       -175.40445        -28.89445   6919.43514      0.000357746  1.000000000      0.001500000  0.000000000  0.000000000           0             -Inf      0.000000000  
       111       -179.26449        -29.37819   8616.16240      0.000296847  1.000000000      0.001500000  0.000000000  0.000000000           0       -687.58426      0.000000000  
       112       -172.57111        -30.03364   5507.32631      0.000385421  1.000000000      0.001500000  0.000000000  0.000000000           0             -Inf      0.000000000  
       113       -165.69306        -31.19213   4774.82951      0.000548978  1.000000000      0.001500000  0.000000000  0.000000000           0             -Inf      0.000000000  
       114       -169.19340        -29.31124   5473.95163      0.000417580  1.000000000      0.001500000  0.000000000  0.000000000           0             -Inf      0.000000000  
       115       -171.37397        -28.90103   5717.14330      0.000443011  1.000000000      0.001500000  0.000000000  0.000000000           0             -Inf      0.000000000  
       116       -169.84283        -30.75998   5806.22182      0.000405111  1.000000000      0.001500000  0.000000000  0.000000000           0             -Inf      0.000000000  
       117       -171.79416        -28.48821   5680.35769      0.000394582  1.000000000      0.001500000  0.000000000  0.000000000           0             -Inf      0.000000000  
       118       -169.29763        -29.84617   5494.18511      0.000461071  1.000000000      0.001500000  0.000000000  0.000000000           0             -Inf      0.000000000  
       119       -166.62311        -31.11649   4693.45734      0.000546466  1.000000000      0.001500000  0.000000000  0.000000000           0             -Inf      0.000000000  
       120       -169.66593        -32.49144   6111.88092      0.000466857  1.000000000      0.001500000  0.000000000  0.000000000           0             -Inf      0.000000000  
       121       -175.88243        -31.32400   6229.45507      0.000325710  1.000000000      0.001500000  0.000000000  0.000000000           0             -Inf      0.000000000  
       122       -171.13910        -28.92417   6501.47019      0.000447825  1.000000000      0.001500000  0.000000000  0.000000000           0             -Inf      0.000000000  
       123       -179.37146        -32.25116   6901.87073      0.000303979  1.000000000      0.001500000  0.000000000  0.000000000           0             -Inf      0.000000000  
       124       -175.34196        -33.40914   6887.97099      0.000376082  1.000000000      0.001500000  0.000000000  0.000000000           0             -Inf      0.000000000  
       125       -177.18126        -31.67018   7840.59786      0.000346637  1.000000000      0.001500000  0.000000000  0.000000000           0             -Inf      0.000000000  
       126       -173.84953        -28.11380   7139.65813      0.000378340  1.000000000      0.001500000  0.000000000  0.000000000           0             -Inf      0.000000000  
       127       -172.70220        -30.20616   7086.38959      0.000427644  1.000000000      0.001500000  0.000000000  0.000000000           0             -Inf      0.000000000  
       128       -191.42034        -28.46068  14396.91928      0.000190725  1.000000000      0.001500000  0.000000000  0.000000000           0       -603.69535      0.000000000  
       129       -184.01624        -28.21339  11082.75684      0.000257711  1.000000000      0.001500000  0.000000000  0.000000000           0       -664.71063      0.000000000  
       130       -175.03052        -29.28585   8643.70480      0.000414241  1.000000000      0.001500000  0.000000000  0.000000000           0             -Inf      0.000000000  
       131       -176.51701        -31.66023   7700.65346      0.000290371  1.000000000      0.001500000  0.000000000  0.000000000           0             -Inf      0.000000000  
       132       -176.74658        -33.27847   6351.90959      0.000362607  1.000000000      0.001500000  0.000000000  0.000000000           0             -Inf      0.000000000  
       133       -182.69435        -33.08996   7265.14507      0.000296762  1.000000000      0.001500000  0.000000000  0.000000000           0             -Inf      0.000000000  
       134       -180.36667        -29.77774   8642.54483      0.000290479  1.000000000      0.001500000  0.000000000  0.000000000           0             -Inf      0.000000000  
       135       -178.64972        -28.57431   9415.07726      0.000319621  1.000000000      0.001500000  0.000000000  0.000000000           0             -Inf      0.000000000  
       136       -181.78679        -31.13303  10809.04936      0.000251717  1.000000000      0.001500000  0.000000000  0.000000000           0       -715.70551      0.000000000  
       137       -175.37001        -29.02632   8383.60341      0.000328588  1.000000000      0.001500000  0.000000000  0.000000000           0             -Inf      0.000000000  
       138       -187.67537        -30.28788  13844.95177      0.000221391  1.000000000      0.001500000  0.000000000  0.000000000           0       -631.95903      0.000000000  
       139       -177.76137        -27.14545  10487.88274      0.000358911  1.000000000      0.001500000  0.000000000  0.000000000           0             -Inf      0.000000000  
       140       -177.79326        -30.37323  10167.95384      0.000343410  1.000000000      0.001500000  0.000000000  0.000000000           0             -Inf      0.000000000  
       141       -178.27364        -31.33642   9585.98455      0.000319294  1.000000000      0.001500000  0.000000000  0.000000000           0             -Inf      0.000000000  
       142       -183.09862        -28.67898   9754.94138      0.000251281  1.000000000      0.001500000  0.000000000  0.000000000           0       -680.98550      0.000000000  
       143       -175.57148        -28.93900  10434.61473      0.000338354  1.000000000      0.001500000  0.000000000  0.000000000           0             -Inf      0.000000000  
       144       -175.32877        -30.56922   8438.34404      0.000378422  1.000000000      0.001500000  0.000000000  0.000000000           0             -Inf      0.000000000  
       145       -179.51623        -28.36554  13770.10843      0.000279561  1.000000000      0.001500000  0.000000000  0.000000000           0             -Inf      0.000000000  
       146       -177.05534        -29.00928   8672.76053      0.000307514  1.000000000      0.001500000  0.000000000  0.000000000           0             -Inf      0.000000000  
       147       -180.32758        -30.35018   9017.73520      0.000293465  1.000000000      0.001500000  0.000000000  0.000000000           0       -729.79025      0.000000000  
       148       -176.55380        -32.98393   8305.73746      0.000344698  1.000000000      0.001500000  0.000000000  0.000000000           0             -Inf      0.000000000  
       149       -169.69546        -29.73386   5998.14124      0.000452986  1.000000000      0.001500000  0.000000000  0.000000000           0             -Inf      0.000000000  
       150       -171.90246        -28.10034   6635.40836      0.000377825  1.000000000      0.001500000  0.000000000  0.000000000           0             -Inf      0.000000000  
       151       -169.96535        -30.73820   6463.65835      0.000425236  1.000000000      0.001500000  0.000000000  0.000000000           0             -Inf      0.000000000  
       152       -181.47448        -34.60933   7144.81932      0.000354701  1.000000000      0.001500000  0.000000000  0.000000000           0             -Inf      0.000000000  
       153       -180.71573        -32.41114   9176.04352      0.000287464  1.000000000      0.001500000  0.000000000  0.000000000           0             -Inf      0.000000000  
       154       -176.66214        -29.56896   7511.22241      0.000321373  1.000000000      0.001500000  0.000000000  0.000000000           0             -Inf      0.000000000  
       155       -170.01966        -30.91453   6010.50646      0.000376168  1.000000000      0.001500000  0.000000000  0.000000000           0             -Inf      0.000000000  
       156       -166.29898        -31.34876   5300.70782      0.000451454  1.000000000      0.001500000  0.000000000  0.000000000           0             -Inf      0.000000000  
       157       -167.32541        -31.50989   5626.66847      0.000533085  1.000000000      0.001500000  0.000000000  0.000000000           0             -Inf      0.000000000  
       158       -173.94120        -29.44151   6590.05060      0.000355633  1.000000000      0.001500000  0.000000000  0.000000000           0             -Inf      0.000000000  
       159       -175.30267        -29.47267   6622.60380      0.000353382  1.000000000      0.001500000  0.000000000  0.000000000           0             -Inf      0.000000000  
       160       -178.45363        -28.88280   6900.06339      0.000316371  1.000000000      0.001500000  0.000000000  0.000000000           0             -Inf      0.000000000  
       161       -174.47850        -29.61946   7439.58818      0.000322902  1.000000000      0.001500000  0.000000000  0.000000000           0             -Inf      0.000000000  
       162       -168.88306        -29.14175   6306.06481      0.000441608  1.000000000      0.001500000  0.000000000  0.000000000           0             -Inf      0.000000000  
       163       -173.95504        -30.79958   5918.79246      0.000375104  1.000000000      0.001500000  0.000000000  0.000000000           0             -Inf      0.000000000  
       164       -173.20526        -29.74462   5803.03270      0.000427426  1.000000000      0.001500000  0.000000000  0.000000000           0             -Inf      0.000000000  
       165       -168.25066        -33.04260   5094.46400      0.000492028  1.000000000      0.001500000  0.000000000  0.000000000           0             -Inf      0.000000000  
       166       -172.10824        -32.01506   6171.47460      0.000453948  1.000000000      0.001500000  0.000000000  0.000000000           0             -Inf      0.000000000  
       167       -170.44264        -32.45806   6465.38344      0.000388562  1.000000000      0.001500000  0.000000000  0.000000000           0             -Inf      0.000000000  
       168       -170.02337        -31.45702   8092.33528      0.000401596  1.000000000      0.001500000  0.000000000  0.000000000           0             -Inf      0.000000000  
       169       -172.11875        -30.44256   5926.09496      0.000449466  1.000000000      0.001500000  0.000000000  0.000000000           0             -Inf      0.000000000  
       170       -167.49731        -29.47657   6007.33777      0.000478893  1.000000000      0.001500000  0.000000000  0.000000000           0             -Inf      0.000000000  
       171       -173.63211        -28.71192   7209.58640      0.000377576  1.000000000      0.001500000  0.000000000  0.000000000           0             -Inf      0.000000000  
       172       -168.86438        -31.76266   5602.28472      0.000424239  1.000000000      0.001500000  0.000000000  0.000000000           0             -Inf      0.000000000  
       173       -172.00117        -30.47217   7174.85418      0.000410249  1.000000000      0.001500000  0.000000000  0.000000000           0             -Inf      0.000000000  
       174       -171.24835        -30.43699   5990.35412      0.000426343  1.000000000      0.001500000  0.000000000  0.000000000           0             -Inf      0.000000000  
       175       -171.17344        -28.46529   6152.89542      0.000433435  1.000000000      0.001500000  0.000000000  0.000000000           0             -Inf      0.000000000  
       176       -177.75545        -30.76149   7563.87635      0.000347572  1.000000000      0.001500000  0.000000000  0.000000000           0             -Inf      0.000000000  
       177       -174.77403        -30.41227   7605.80528      0.000340031  1.000000000      0.001500000  0.000000000  0.000000000           0             -Inf      0.000000000  
       178       -171.66999        -31.92230   6342.71886      0.000436892  1.000000000      0.001500000  0.000000000  0.000000000           0             -Inf      0.000000000  
       179       -168.81365        -30.27250   5957.94873      0.000512485  1.000000000      0.001500000  0.000000000  0.000000000           0             -Inf      0.000000000  
       180       -170.45063        -31.63865   5213.01500      0.000437715  1.000000000      0.001500000  0.000000000  0.000000000           0             -Inf      0.000000000  
       181       -177.43511        -30.00833   6786.76095      0.000319789  1.000000000      0.001500000  0.000000000  0.000000000           0             -Inf      0.000000000  
       182       -174.68636        -30.58020   6622.67416      0.000422286  1.000000000      0.001500000  0.000000000  0.000000000           0             -Inf      0.000000000  
       183       -179.14351        -27.23934   9669.31700      0.000335306  1.000000000      0.001500000  0.000000000  0.000000000           0             -Inf      0.000000000  
       184       -175.63055        -28.74982   7858.40148      0.000334010  1.000000000      0.001500000  0.000000000  0.000000000           0             -Inf      0.000000000  
       185       -175.68997        -29.55726   9929.56010      0.000319151  1.000000000      0.001500000  0.000000000  0.000000000           0             -Inf      0.000000000  
       186       -181.29761        -27.57308  10275.59163      0.000295000  1.000000000      0.001500000  0.000000000  0.000000000           0             -Inf      0.000000000  
       187       -176.55139        -28.45682  10889.76995      0.000360428  1.000000000      0.001500000  0.000000000  0.000000000           0             -Inf      0.000000000  
       188       -179.76205        -29.92418   7896.57218      0.000294531  1.000000000      0.001500000  0.000000000  0.000000000           0             -Inf      0.000000000  
       189       -176.53819        -30.99452   8560.38525      0.000344520  1.000000000      0.001500000  0.000000000  0.000000000           0             -Inf      0.000000000  
       190       -168.16976        -27.72428   6495.67461      0.000494549  1.000000000      0.001500000  0.000000000  0.000000000           0             -Inf      0.000000000  
       191       -172.78156        -27.79971   7785.80073      0.000398951  1.000000000      0.001500000  0.000000000  0.000000000           0             -Inf      0.000000000  
       192       -175.17626        -30.17503   7604.00839      0.000391466  1.000000000      0.001500000  0.000000000  0.000000000           0             -Inf      0.000000000  
       193       -169.81675        -28.20172   7375.02413      0.000393846  1.000000000      0.001500000  0.000000000  0.000000000           0             -Inf      0.000000000  
       194       -166.62553        -30.41795   6623.36301      0.000467600  1.000000000      0.001500000  0.000000000  0.000000000           0             -Inf      0.000000000  
       195       -173.41544        -30.73915   7298.35268      0.000338494  1.000000000      0.001500000  0.000000000  0.000000000           0             -Inf      0.000000000  
       196       -176.10570        -28.33761   8361.43565      0.000352032  1.000000000      0.001500000  0.000000000  0.000000000           0             -Inf      0.000000000  
       197       -172.75559        -28.56043   6588.16357      0.000372782  1.000000000      0.001500000  0.000000000  0.000000000           0             -Inf      0.000000000  
       198       -172.42838        -30.20531   5944.77175      0.000408416  1.000000000      0.001500000  0.000000000  0.000000000           0             -Inf      0.000000000  
       199       -172.90247        -28.71898   5633.88120      0.000418087  1.000000000      0.001500000  0.000000000  0.000000000           0             -Inf      0.000000000  
       200       -168.48693        -31.89691   5672.35746      0.000500324  1.000000000      0.001500000  0.000000000  0.000000000           0             -Inf      0.000000000  
       201       -165.78262        -30.26700   4881.23808      0.000498099  1.000000000      0.001500000  0.000000000  0.000000000           0             -Inf      0.000000000  
       202       -164.54924        -28.94354   5051.99509      0.000536692  1.000000000      0.001500000  0.000000000  0.000000000           0             -Inf      0.000000000  
       203       -172.11924        -32.64831   6212.48815      0.000384352  1.000000000      0.001500000  0.000000000  0.000000000           0             -Inf      0.000000000  
       204       -168.69762        -31.86335   6382.84612      0.000432352  1.000000000      0.001500000  0.000000000  0.000000000           0             -Inf      0.000000000  
       205       -173.11544        -34.94171   6903.20842      0.000346459  1.000000000      0.001500000  0.000000000  0.000000000           0             -Inf      0.000000000  
       206       -175.98006        -30.04919   6593.27954      0.000331000  1.000000000      0.001500000  0.000000000  0.000000000           0             -Inf      0.000000000  
       207       -171.84699        -27.99578   6861.21988      0.000365731  1.000000000      0.001500000  0.000000000  0.000000000           0             -Inf      0.000000000  
       208       -179.69960        -29.06809   8852.88098      0.000308187  1.000000000      0.001500000  0.000000000  0.000000000           0             -Inf      0.000000000  
       209       -171.84677        -28.15763   7798.89769      0.000385506  1.000000000      0.001500000  0.000000000  0.000000000           0             -Inf      0.000000000  
       210       -173.68383        -28.75472   7272.49978      0.000350300  1.000000000      0.001500000  0.000000000  0.000000000           0             -Inf      0.000000000  
       211       -172.63961        -31.93370   6160.75689      0.000340421  1.000000000      0.001500000  0.000000000  0.000000000           0             -Inf      0.000000000  
       212       -172.37934        -29.73505   7340.95944      0.000362502  1.000000000      0.001500000  0.000000000  0.000000000           0             -Inf      0.000000000  
       213       -173.23506        -28.53900   7708.16743      0.000395007  1.000000000      0.001500000  0.000000000  0.000000000           0             -Inf      0.000000000  
       214       -168.29045        -30.66560   6942.79143      0.000487972  1.000000000      0.001500000  0.000000000  0.000000000           0             -Inf      0.000000000  
       215       -173.23872        -33.56602   8181.24668      0.000359734  1.000000000      0.001500000  0.000000000  0.000000000           0             -Inf      0.000000000  
       216       -174.83879        -31.90249   8272.97642      0.000386646  1.000000000      0.001500000  0.000000000  0.000000000           0             -Inf      0.000000000  
       217       -181.35213        -27.49970   9301.99305      0.000229032  1.000000000      0.001500000  0.000000000  0.000000000           0       -705.77825      0.000000000  
       218       -168.03479        -33.74304   6407.72490      0.000489831  1.000000000      0.001500000  0.000000000  0.000000000           0             -Inf      0.000000000  
       219       -174.29173        -30.26387   8177.61035      0.000428536  1.000000000      0.001500000  0.000000000  0.000000000           0             -Inf      0.000000000  
       220       -182.92552        -28.39848   9394.83297      0.000256030  1.000000000      0.001500000  0.000000000  0.000000000           0       -629.13748      0.000000000  
       221       -177.00727        -30.42644   7918.18414      0.000319115  1.000000000      0.001500000  0.000000000  0.000000000           0             -Inf      0.000000000  
       222       -174.18157        -28.50750   7018.82039      0.000358118  1.000000000      0.001500000  0.000000000  0.000000000           0             -Inf      0.000000000  
       223       -169.62331        -30.52969   5320.84966      0.000454506  1.000000000      0.001500000  0.000000000  0.000000000           0             -Inf      0.000000000  
       224       -171.15239        -30.56642   5344.58647      0.000404003  1.000000000      0.001500000  0.000000000  0.000000000           0             -Inf      0.000000000  
       225       -168.14445        -30.38176   5064.19480      0.000441840  1.000000000      0.001500000  0.000000000  0.000000000           0             -Inf      0.000000000  
       226       -165.96702        -29.76169   5097.36995      0.000503281  1.000000000      0.001500000  0.000000000  0.000000000           0             -Inf      0.000000000  
       227       -167.94554        -30.09174   6159.59001      0.000515295  1.000000000      0.001500000  0.000000000  0.000000000           0             -Inf      0.000000000  
       228       -173.18947        -30.58532   6078.62180      0.000358830  1.000000000      0.001500000  0.000000000  0.000000000           0             -Inf      0.000000000  
       229       -164.33105        -30.55609   5424.01754      0.000536707  1.000000000      0.001500000  0.000000000  0.000000000           0             -Inf      0.000000000  
       230       -173.24922        -30.24369   5632.44246      0.000426870  1.000000000      0.001500000  0.000000000  0.000000000           0             -Inf      0.000000000  
       231       -169.72684        -31.68508   5202.17013      0.000478608  1.000000000      0.001500000  0.000000000  0.000000000           0             -Inf      0.000000000  
       232       -168.24388        -30.42934   5188.98225      0.000445980  1.000000000      0.001500000  0.000000000  0.000000000           0             -Inf      0.000000000  
       233       -170.27980        -28.05104   5776.50253      0.000427884  1.000000000      0.001500000  0.000000000  0.000000000           0             -Inf      0.000000000  
       234       -168.00160        -29.43604   5179.91282      0.000462556  1.000000000      0.001500000  0.000000000  0.000000000           0             -Inf      0.000000000  
       235       -165.90346        -31.79152   5318.06704      0.000572166  1.000000000      0.001500000  0.000000000  0.000000000           0             -Inf      0.000000000  
       236       -168.16179        -29.32389   5063.40427      0.000521517  1.000000000      0.001500000  0.000000000  0.000000000           0             -Inf      0.000000000  
       237       -183.89890        -30.84958   9203.48300      0.000260471  1.000000000      0.001500000  0.000000000  0.000000000           0       -662.43248      0.000000000  
       238       -184.81053        -27.95313  10359.45571      0.000248078  1.000000000      0.001500000  0.000000000  0.000000000           0       -656.27242      0.000000000  
       239       -181.54261        -30.90297   7636.82393      0.000269940  1.000000000      0.001500000  0.000000000  0.000000000           0       -717.48798      0.000000000  
       240       -169.31069        -28.93708   6442.86204      0.000454833  1.000000000      0.001500000  0.000000000  0.000000000           0             -Inf      0.000000000  
       241       -170.17697        -31.84374   5996.37634      0.000513840  1.000000000      0.001500000  0.000000000  0.000000000           0             -Inf      0.000000000  
       242       -175.61070        -29.01833   7945.59928      0.000385821  1.000000000      0.001500000  0.000000000  0.000000000           0             -Inf      0.000000000  
       243       -175.43045        -31.59358   6410.19576      0.000383100  1.000000000      0.001500000  0.000000000  0.000000000           0             -Inf      0.000000000  
       244       -177.52930        -29.01083   6750.66821      0.000374598  1.000000000      0.001500000  0.000000000  0.000000000           0             -Inf      0.000000000  
       245       -174.41178        -30.16856   6976.26174      0.000347372  1.000000000      0.001500000  0.000000000  0.000000000           0             -Inf      0.000000000  
       246       -172.84916        -31.97744   7782.30534      0.000367188  1.000000000      0.001500000  0.000000000  0.000000000           0             -Inf      0.000000000  
       247       -173.17762        -30.62492   6346.62358      0.000366626  1.000000000      0.001500000  0.000000000  0.000000000           0             -Inf      0.000000000  
       248       -164.96440        -31.31364   4794.54937      0.000557162  1.000000000      0.001500000  0.000000000  0.000000000           0             -Inf      0.000000000  
       249       -166.04680        -29.10205   5246.32937      0.000436862  1.000000000      0.001500000  0.000000000  0.000000000           0             -Inf      0.000000000  
       250       -173.93674        -30.04954   6571.62488      0.000326857  1.000000000      0.001500000  0.000000000  0.000000000           0             -Inf      0.000000000  
       251       -172.45856        -28.62479   6232.99641      0.000365846  1.000000000      0.001500000  0.000000000  0.000000000           0             -Inf      0.000000000  
       252       -176.88197        -31.95743   8178.91721      0.000368652  1.000000000      0.001500000  0.000000000  0.000000000           0             -Inf      0.000000000  
       253       -174.37043        -29.27232   8159.38476      0.000402271  1.000000000      0.001500000  0.000000000  0.000000000           0             -Inf      0.000000000  
       254       -180.58707        -27.79684  12078.79681      0.000327098  1.000000000      0.001500000  0.000000000  0.000000000           0             -Inf      0.000000000  
       255       -180.94116        -29.86741  10763.29186      0.000295386  1.000000000      0.001500000  0.000000000  0.000000000           0       -722.25192      0.000000000  
       256       -175.06304        -33.44665   7496.11056      0.000300955  1.000000000      0.001500000  0.000000000  0.000000000           0             -Inf      0.000000000  
       257       -179.74760        -29.77536   8795.10398      0.000281076  1.000000000      0.001500000  0.000000000  0.000000000           0       -739.08821      0.000000000  
       258       -176.46147        -30.38797   6420.35840      0.000346817  1.000000000      0.001500000  0.000000000  0.000000000           0             -Inf      0.000000000  
       259       -170.16641        -29.31644   6014.62675      0.000438657  1.000000000      0.001500000  0.000000000  0.000000000           0             -Inf      0.000000000  
       260       -171.26607        -30.07658   7552.32793      0.000392130  1.000000000      0.001500000  0.000000000  0.000000000           0             -Inf      0.000000000  
       261       -179.09771        -31.42244   9852.92872      0.000359208  1.000000000      0.001500000  0.000000000  0.000000000           0             -Inf      0.000000000  
       262       -174.73741        -32.19216   8561.91227      0.000389345  1.000000000      0.001500000  0.000000000  0.000000000           0             -Inf      0.000000000  
       263       -181.98121        -29.29561   9610.58153      0.000291809  1.000000000      0.001500000  0.000000000  0.000000000           0             -Inf      0.000000000  
       264       -174.57674        -28.27293  10812.53624      0.000373234  1.000000000      0.001500000  0.000000000  0.000000000           0             -Inf      0.000000000  
       265       -180.81235        -27.43939  11167.45399      0.000283434  1.000000000      0.001500000  0.000000000  0.000000000           0             -Inf      0.000000000  
       266       -180.07335        -28.75212   9308.85981      0.000309214  1.000000000      0.001500000  0.000000000  0.000000000           0       -710.89566      0.000000000  
       267       -173.04233        -28.15203   7655.84233      0.000387733  1.000000000      0.001500000  0.000000000  0.000000000           0             -Inf      0.000000000  
       268       -170.00805        -30.10849   7611.78436      0.000454398  1.000000000      0.001500000  0.000000000  0.000000000           0             -Inf      0.000000000  
       269       -173.27001        -30.77205   8238.85799      0.000371500  1.000000000      0.001500000  0.000000000  0.000000000           0             -Inf      0.000000000  
       270       -178.67651        -29.49050  12018.55016      0.000292750  1.000000000      0.001500000  0.000000000  0.000000000           0             -Inf      0.000000000  
       271       -181.92886        -27.57460  12793.80890      0.000294591  1.000000000      0.001500000  0.000000000  0.000000000           0             -Inf      0.000000000  
       272       -180.82393        -28.83314  10256.94950      0.000287105  1.000000000      0.001500000  0.000000000  0.000000000           0             -Inf      0.000000000  
       273       -189.83478        -28.25353  13832.53991      0.000210095  1.000000000      0.001500000  0.000000000  0.000000000           0       -629.92053      0.000000000  
       274       -182.86162        -29.86284  11983.50143      0.000254333  1.000000000      0.001500000  0.000000000  0.000000000           0       -681.61469      0.000000000  
       275       -179.68038        -28.42923  10722.67638      0.000277849  1.000000000      0.001500000  0.000000000  0.000000000           0             -Inf      0.000000000  
       276       -175.18618        -28.08952   9163.62625      0.000379386  1.000000000      0.001500000  0.000000000  0.000000000           0             -Inf      0.000000000  
       277       -165.41748        -28.66537   5739.78666      0.000459306  1.000000000      0.001500000  0.000000000  0.000000000           0             -Inf      0.000000000  
       278       -176.03346        -28.79005   6730.38694      0.000325942  1.000000000      0.001500000  0.000000000  0.000000000           0             -Inf      0.000000000  
       279       -168.98955        -29.86270   5965.10629      0.000438536  1.000000000      0.001500000  0.000000000  0.000000000           0             -Inf      0.000000000  
       280       -167.74797        -32.08468   5743.86539      0.000469229  1.000000000      0.001500000  0.000000000  0.000000000           0             -Inf      0.000000000  
       281       -169.30591        -30.60270   6083.70492      0.000454162  1.000000000      0.001500000  0.000000000  0.000000000           0             -Inf      0.000000000  
       282       -168.55836        -29.67503   6322.58661      0.000451406  1.000000000      0.001500000  0.000000000  0.000000000           0             -Inf      0.000000000  
       283       -173.92043        -29.80262   6513.77228      0.000360278  1.000000000      0.001500000  0.000000000  0.000000000           0             -Inf      0.000000000  
       284       -177.28093        -30.20014   7924.28194      0.000317297  1.000000000      0.001500000  0.000000000  0.000000000           0             -Inf      0.000000000  
       285       -174.13015        -30.73330   8097.05889      0.000381981  1.000000000      0.001500000  0.000000000  0.000000000           0             -Inf      0.000000000  
       286       -168.68323        -29.27369   5120.11265      0.000519457  1.000000000      0.001500000  0.000000000  0.000000000           0             -Inf      0.000000000  
       287       -166.35979        -31.12936   5262.79047      0.000490948  1.000000000      0.001500000  0.000000000  0.000000000           0             -Inf      0.000000000  
       288       -169.93366        -32.34896   5551.32915      0.000434211  1.000000000      0.001500000  0.000000000  0.000000000           0             -Inf      0.000000000  
       289       -173.85178        -30.35343   6950.92995      0.000343758  1.000000000      0.001500000  0.000000000  0.000000000           0             -Inf      0.000000000  
       290       -169.92107        -33.05913   5483.53120      0.000448003  1.000000000      0.001500000  0.000000000  0.000000000           0             -Inf      0.000000000  
       291       -168.63382        -29.27971   6066.96163      0.000467620  1.000000000      0.001500000  0.000000000  0.000000000           0             -Inf      0.000000000  
       292       -173.31850        -30.02094   8308.91797      0.000313542  1.000000000      0.001500000  0.000000000  0.000000000           0             -Inf      0.000000000  
       293       -176.26519        -28.16948   8284.26160      0.000332339  1.000000000      0.001500000  0.000000000  0.000000000           0             -Inf      0.000000000  
       294       -170.06896        -28.85059   7821.09414      0.000434536  1.000000000      0.001500000  0.000000000  0.000000000           0             -Inf      0.000000000  
>>>>>>> parent of bc79f8d (output)
