1.1672e+05
88425
80269
43225
68756
45376
89337
1.1495e+05
1.0784e+05
1.1125e+05
45932
54907
1.2815e+05
55619
97457
53745
1.0791e+05
73446
1.3491e+05
1.3497e+05
69218
1.227e+05
65754
1.3501e+05
1.0884e+05
1.3262e+05
49304
1.1115e+05
64818
49772
91458
1.184e+05
56685
1.3107e+05
1.3231e+05
80787
1.168e+05
61512
75677
91153
92909
1.406e+05
1.0317e+05
1.208e+05
1.6605e+05
35752
1.3907e+05
1.3671e+05
90286
97232
1.3573e+05
1.0227e+05
42525
1.4415e+05
86708
1.2134e+05
1.0805e+05
97189
1.2981e+05
1.1439e+05
53552
89614
84479
54650
82439
51152
1.3129e+05
51108
86141
1.4084e+05
1.0331e+05
1.0263e+05
61194
55994
1.0518e+05
93987
1.0516e+05
1.2071e+05
93945
95155
46548
65259
1.0664e+05
1.0738e+05
45250
86960
85123
65991
1.2337e+05
1.0384e+05
66820
55394
1.2395e+05
81665
1.0547e+05
58302
73899
73231
95980
1.037e+05
73269
1.1444e+05
50769
1.128e+05
1.2971e+05
1.0983e+05
91222
1.2654e+05
48101
1.1934e+05
51778
42818
62020
92283
62154
1.4681e+05
98028
1.3985e+05
50234
1.3108e+05
73543
98568
58505
1.3959e+05
91682
80665
77863
1.186e+05
1.274e+05
60834
67097
1.0839e+05
56901
56742
54481
89308
1.3123e+05
1.168e+05
90229
1.3751e+05
60181
46002
1.1322e+05
66295
1.0129e+05
60333
47708
77676
56931
1.0761e+05
84033
1.1989e+05
86960
90672
1.3212e+05
1.0845e+05
1.5421e+05
69013
1.3389e+05
57114
1.1496e+05
66914
1.3372e+05
72594
89822
67588
75026
53025
91554
51357
62119
1.5592e+05
90894
96493
1.62e+05
1.2014e+05
51942
64103
1.0321e+05
62726
54690
1.2512e+05
1.0164e+05
1.2189e+05
1.1328e+05
78521
1.213e+05
64856
60906
60056
1.1944e+05
1.2863e+05
43047
82745
74004
87825
1.4057e+05
88223
1.0745e+05
1.1885e+05
55869
50708
37865
32173
36233
36807
92376
63181
53770
1.0417e+05
63121
73327
1.0387e+05
85342
93279
98814
69091
43635
49692
41439
39852
44620
1.2924e+05
95987
59344
1.3306e+05
91439
34489
42304
1.5188e+05
59631
71369
1.4556e+05
1.132e+05
1.0733e+05
51758
35369
36588
42755
32201
76483
55166
43540
67854
1.0665e+05
87997
1.4173e+05
84346
1.1631e+05
83118
1.8031e+05
96912
1.0613e+05
72065
37003
61966
62022
83660
1.039e+05
81632
1.3209e+05
1.2964e+05
52420
1.2406e+05
67106
85043
1.2369e+05
88713
1.1355e+05
65164
78541
1.1335e+05
99212
1.4291e+05
61761
92967
1.0901e+05
1.3524e+05
48144
1.3673e+05
88090
69022
1.2651e+05
49490
94598
80178
1.2208e+05
1.2942e+05
93728
1.2379e+05
74548
1.0778e+05
1.1264e+05
96889
1.0492e+05
38563
47600
1.1481e+05
59309
57263
57642
54367
1.4157e+05
46886
69857
68462
59873
1.1738e+05
1.0899e+05
1.3342e+05
92702
1.2867e+05
82889
1.1173e+05
1.4969e+05
75184
48303
1.2919e+05
97685
86892
1.3571e+05
95352
68809
97970
1.0713e+05
1.1814e+05
1.2866e+05
64808
1.5434e+05
1.4531e+05
1.3796e+05
1.1385e+05
53570
74267
1.2901e+05
1.0423e+05
47678
99263
72336
54122
36301
1.0353e+05
1.1568e+05
82232
72960
88100
1.1473e+05
1.3942e+05
53508
88683
79331
1.0936e+05
91559
43128
1.2017e+05
54561
1.0493e+05
51224
1.0108e+05
1.0514e+05
93409
96201
1.0507e+05
69190
1.064e+05
54862
1.2379e+05
80489
1.0779e+05
82221
1.0103e+05
52446
54876
1.3061e+05
1.0181e+05
1.0503e+05
62410
66649
76252
80716
1.2442e+05
1.2897e+05
1.5285e+05
1.3733e+05
72911
60769
68586
46108
1.1153e+05
1.3311e+05
73257
89882
1.0318e+05
1.2522e+05
1.0993e+05
50233
60638
1.4349e+05
65415
1.1036e+05
59071
89057
61868
1.4064e+05
1.4566e+05
89270
72702
47110
45456
47890
64193
90254
84488
95237
1.0199e+05
1.0374e+05
1.1482e+05
1.4432e+05
39841
92594
1.0471e+05
1.246e+05
79175
84810
1.1141e+05
1.2806e+05
1.0053e+05
1.1485e+05
1.1435e+05
62838
98895
1.2453e+05
97903
69314
1.2966e+05
1.0001e+05
1.2055e+05
79298
1.5819e+05
64428
39829
84135
98346
68232
1.2378e+05
89460
1.0206e+05
97388
1.0031e+05
1.031e+05
1.2726e+05
66773
1.3077e+05
1.1915e+05
85135
86675
1.0294e+05
76823
76568
66181
1.2954e+05
70593
42656
86932
73143
43653
1.1348e+05
38597
69511
1.0145e+05
1.3271e+05
1.2116e+05
88750
80743
1.2825e+05
1.3384e+05
58986
1.3016e+05
1.1154e+05
85284
57025
82842
1.5345e+05
1.1998e+05
57824
1.2045e+05
96982
56167
1.2336e+05
92741
50435
87746
84512
78193
45629
47586
96995
84435
66214
41490
96711
1.0496e+05
54027
81292
61844
1.026e+05
84776
1.2756e+05
1.0845e+05
67157
54382
98779
98378
75871
82928
98620
64219
97969
99193
1.2872e+05
67494
1.4877e+05
1.2201e+05
72114
1.3086e+05
92517
97297
1.3598e+05
79734
1.2201e+05
1.1867e+05
55353
96474
1.5997e+05
59568
1.5614e+05
70949
1.4004e+05
84908
72911
1.4554e+05
60369
1.6604e+05
66970
54857
1.4526e+05
71277
51744
95717
1.2083e+05
98417
56818
1.4005e+05
63988
61863
83625
60731
71064
64472
83747
1.0438e+05
63063
70044
1.3701e+05
1.4147e+05
1.1106e+05
54634
71305
56333
69984
1.3188e+05
89563
1.0006e+05
60539
79759
1.0852e+05
1.1266e+05
97804
64112
1.05e+05
1.0441e+05
52888
1.0662e+05
1.1644e+05
77716
59511
1.0645e+05
58308
98806
88136
49475
68591
87779
93007
68331
72171
44458
1.1313e+05
86031
1.1068e+05
41382
58850
39460
1.4582e+05
82268
68702
1.4734e+05
94991
72321
1.5765e+05
1.0228e+05
50153
65891
1.2263e+05
83687
98444
51054
39515
1.3164e+05
1.1972e+05
52867
1.4152e+05
74862
98600
1.3195e+05
84658
51810
69366
76673
1.4456e+05
1.1886e+05
49818
43631
1.0847e+05
1.2683e+05
64162
54959
91566
1.2362e+05
69028
33500
35808
50199
1.0434e+05
91979
47094
64354
98793
93558
82200
60270
1.2277e+05
65176
79473
1.0656e+05
51746
42877
72729
97090
62114
64771
57044
1.3312e+05
78574
1.1963e+05
1.0603e+05
98960
1.2923e+05
1.1497e+05
95042
1.2478e+05
42007
77233
1.0453e+05
99410
1.4219e+05
1.2742e+05
1.0569e+05
1.234e+05
92177
1.3564e+05
92236
55419
66230
82949
1.456e+05
1.0672e+05
1.3454e+05
1.1527e+05
1.0244e+05
1.1145e+05
73711
1.2056e+05
94537
85979
67410
1.2944e+05
1.2701e+05
74899
68587
44453
59474
58910
89300
66954
1.0821e+05
1.2882e+05
56323
45329
99360
51700
1.1007e+05
86572
52781
1.4869e+05
47136
74625
48238
44393
1.5035e+05
83664
1.1365e+05
53277
1.1646e+05
1.141e+05
1.3146e+05
1.0302e+05
65539
87726
1.1077e+05
56450
1.0595e+05
68305
45076
90486
1.1837e+05
1.2812e+05
1.4448e+05
1.1341e+05
61007
72403
47941
82390
1.2908e+05
1.3193e+05
1.1466e+05
1.2476e+05
72994
50664
59547
1.1609e+05
66716
1.0433e+05
1.1132e+05
1.425e+05
84886
57222
75328
1.2964e+05
92529
86513
1.2932e+05
1.0046e+05
1.1016e+05
37118
77215
1.5338e+05
39772
62603
1.2549e+05
1.0017e+05
53859
1.1198e+05
57034
66261
41081
84078
1.0485e+05
69453
85797
56760
40106
75089
99674
1.2137e+05
91500
1.2443e+05
1.1161e+05
1.225e+05
1.1588e+05
92499
1.245e+05
1.0304e+05
51289
1.1642e+05
1.4916e+05
78606
1.4693e+05
1.1534e+05
50372
1.2241e+05
1.2614e+05
1.2382e+05
49953
45387
55374
1.2506e+05
67370
1.3705e+05
1.1801e+05
76678
1.2404e+05
56861
82518
1.1531e+05
80134
70249
84223
84281
1.1097e+05
89140
89876
1.2701e+05
92229
93592
39002
34346
38599
42983
90981
97403
1.4634e+05
1.0032e+05
1.7091e+05
88698
91968
35275
84202
61828
1.0356e+05
1.2058e+05
56430
77313
62040
77351
1.4388e+05
1.1575e+05
1.0873e+05
73712
1.1733e+05
1.0538e+05
74281
63413
94341
59247
77348
1.1509e+05
72315
49839
1.2734e+05
63012
92750
75283
58220
1.0725e+05
1.1288e+05
1.0999e+05
99079
96112
94188
50195
1.1678e+05
1.3313e+05
88136
41026
54122
1.3667e+05
95542
50640
1.5602e+05
1.1592e+05
1.0368e+05
43708
1.2228e+05
52136
1.5104e+05
74694
66652
59729
94383
77918
1.1969e+05
92786
72773
1.0752e+05
1.2299e+05
56653
89018
58284
1.0661e+05
48940
97559
57439
1.2482e+05
63932
73763
71122
64220
67215
1.3587e+05
90435
1.4304e+05
1.17e+05
77406
78726
83148
69879
98845
1.0936e+05
80282
88268
1.0116e+05
85741
1.3131e+05
1.3303e+05
1.416e+05
98678
1.2086e+05
74564
72615
38221
83238
1.3282e+05
56207
1.2355e+05
1.0626e+05
1.3598e+05
1.2837e+05
1.2723e+05
95370
36201
41563
48072
59433
1.1651e+05
73243
57629
1.4685e+05
80055
1.1884e+05
1.2528e+05
61275
1.5549e+05
1.2747e+05
82273
1.1701e+05
75757
92969
92728
86552
93039
97978
66244
51034
58419
1.4736e+05
94953
80946
93227
69584
81130
95719
1.3569e+05
44747
1.3795e+05
1.4586e+05
1.5831e+05
1.3028e+05
54321
77228
50457
95347
51955
47574
77280
55484
75871
1.2097e+05
59575
64799
1.0597e+05
96546
60519
55653
1.0243e+05
57860
79940
96202
1.1777e+05
58809
88315
