1.3929e+05
80338
77434
75304
68956
71732
70761
70738
72243
71950
72586
73407
76773
69928
74745
80596
69410
73372
72040
80039
75189
74249
75192
79871
71315
75212
68426
76600
73938
76152
83876
65954
76727
69514
77887
79671
72753
74463
72878
76934
76214
79382
72741
68738
69677
71387
78574
73762
76210
73278
69978
75899
71785
69306
76731
69074
78340
74705
75683
74906
81592
76748
72145
81859
74866
77832
83633
72410
79886
76469
77411
70609
72137
73266
72085
70745
75012
68802
75801
67350
75994
78734
73368
79702
80364
80278
72639
73440
75750
71031
77535
82921
82630
81116
84079
79955
75302
70818
84001
75206
72212
73568
72766
72091
77962
75893
77477
72063
67899
75116
75132
76198
68948
69365
73775
73133
75485
78637
73689
74267
79521
71533
72261
72098
74020
73959
70615
71347
72909
70078
75372
77556
67516
77774
77422
76053
70899
79023
78193
75017
73412
82323
75636
71678
75081
77381
81351
74929
82406
81348
80010
80824
68636
73359
70380
85441
77195
76419
71361
69089
74037
74782
75761
72093
72874
73032
81324
73254
66541
74092
70632
73935
72248
78886
79326
75870
77387
74623
78559
75426
81003
82099
78886
72562
70847
68391
71558
74485
74510
77509
75109
71463
71327
71174
70902
73307
79723
68737
67381
75358
75574
70565
77235
82964
76719
74000
69857
73952
78542
72640
80728
70284
76190
77949
73083
72866
75939
78894
80338
79993
74099
75069
72990
77322
76472
80851
74378
76285
79090
68669
72855
74953
70268
75809
78640
76645
76610
85696
72635
71225
73380
67420
78216
75615
84787
76611
71237
71728
73901
68381
72321
79712
80787
74670
74544
78214
68724
73544
79238
70209
70464
72727
73991
75380
73782
76628
71113
71455
77764
73230
78658
74440
79533
79715
75500
75779
74157
72812
78268
81606
70952
71422
71930
72237
77364
80632
71947
77374
75080
72028
71471
78469
73881
72132
75963
83990
79912
81209
78153
78516
71542
80826
75737
75510
82126
75663
82459
83321
78140
79232
73827
70932
75377
76172
75093
73939
74764
73026
71995
82049
69336
74440
72553
76098
73621
75403
70201
76320
78227
77418
81457
77081
73646
71809
80705
75223
78347
76498
69071
73995
78097
69110
73885
82472
75015
71463
68655
80854
83306
75290
75607
76696
72671
74465
69115
69897
72589
76900
70352
75538
77306
71934
69099
69672
67372
88180
72863
75470
75049
73895
71677
77585
71468
68741
72089
71595
71671
71616
69750
73560
76860
78260
76752
69739
82254
76954
80094
69673
73490
77957
69912
82003
74097
87728
76014
71947
76105
73677
74875
78184
77718
78838
76829
69287
72280
70425
76327
73420
73886
68958
73566
68111
72439
69702
75663
72549
77897
72305
72766
69918
70956
71805
76469
84918
83088
85644
83546
73131
71964
73453
71471
73862
73249
76304
82165
78098
71782
82698
77173
73210
73526
68215
76397
79980
72473
81390
80564
75030
80078
75427
74340
72769
72177
75756
73399
72297
78573
84576
80273
73520
78481
78261
80395
75016
69484
68824
78277
79940
78890
72069
72936
76481
72289
72397
72190
73310
70861
75961
77374
73543
76950
76616
77110
78734
71473
72061
79698
75315
83105
74756
76740
78503
70973
76519
76699
72211
75589
76620
71061
76292
75364
78320
75690
80059
75872
75018
64587
72442
74814
77658
77640
74768
79361
78704
76436
81621
74378
72835
64937
65774
72707
76426
72296
74171
74389
70804
72587
67734
72690
74609
74750
75495
76003
78338
77690
72957
74572
75292
79518
80220
76548
76872
70746
72340
77635
75571
69436
79565
76104
66505
73832
87943
76018
74826
72749
72531
77776
75764
82782
71918
74080
78037
67734
69734
81145
80628
72311
77077
76948
74972
82282
68818
71464
73798
77896
75946
74483
71466
85817
80062
85997
79124
80204
80857
71924
76543
77142
68897
67050
83495
71830
74873
71780
69708
75815
75254
73378
73562
77176
70711
81086
72529
79763
77025
68617
75928
74181
81104
77585
76718
69480
79308
80905
71214
72408
76915
77608
72161
74437
74686
67167
80539
78301
76963
77905
75302
76038
71915
76314
75535
76402
70870
75126
75477
78593
74825
83657
73954
74847
69832
81031
71596
71631
69799
71171
83259
71437
72621
66048
75217
81434
70244
76931
75963
73818
72636
77494
76523
69009
74281
78579
81274
71799
75058
77019
72202
73711
78017
74359
71931
75263
78032
75810
73815
79685
79607
76591
77924
78013
78453
84540
77475
74198
66573
69145
72930
81215
76636
70864
74968
69220
68708
70967
77419
69444
74660
77010
84526
74301
72314
78007
80250
71920
76702
73763
73426
76774
80100
77491
74715
79045
76864
66202
64233
72175
68952
71996
68490
76780
72546
75203
68491
73423
75994
73466
76507
83407
83282
75165
70096
78121
71617
72497
73030
73519
76206
72747
78377
78251
80144
78868
85017
73818
76233
76883
78272
73723
64620
72299
80274
80204
73149
73946
72598
73176
74013
72251
72742
71864
69767
71973
74625
72779
67228
75969
77293
69876
73970
81203
82895
72475
68097
71312
77446
73293
73535
74139
82127
81985
78354
71371
83867
84249
79596
77469
79365
76514
75290
73542
74401
75622
72811
80448
69688
74715
72878
83213
83295
83162
74356
80517
72596
76351
76842
76230
74112
74415
73538
76126
76439
79300
77150
71448
71868
70103
74721
74096
82129
75713
74707
73624
73181
65042
76537
74290
79158
74334
72673
79176
80453
71799
77504
75048
72719
71305
76060
76392
76591
84156
78251
75635
82162
79616
66904
74022
77936
70738
65901
70396
75894
75320
81561
75814
76913
76682
80048
69048
78332
74282
75456
74983
75814
73325
77902
76989
85621
77167
72474
75254
72630
70504
70410
80258
75181
80270
72272
68019
75329
70482
77692
73600
75411
79095
71584
73396
74858
79477
71714
79321
83026
83055
73626
77420
70960
68862
71606
77560
77322
75088
72300
78748
76684
72326
68538
74710
77548
79563
71451
76570
71246
76286
71569
70395
74161
76577
70111
75338
78918
71515
69026
73306
73755
77163
80434
78238
80862
79056
75876
68221
72619
68143
72164
86847
77306
79609
76999
83091
77218
74064
82265
79460
81753
77784
73229
87777
80101
84031
79061
72898
77055
78942
70944
71918
64734
69460
73827
71074
78906
78568
77078
85032
73999
71851
77959
78065
74631
77093
76669
76550
73134
79082
76749
73707
76909
80381
73522
76402
73405
77258
77094
75275
71742
82764
78408
75732
68658
75285
77854
83901
70499
82935
74771
75041
77728
80176
74666
77900
82328
80720
71521
73188
