1.3533e+05
1.3859e+05
1.0568e+05
1.1254e+05
1.0046e+05
1.0859e+05
1.1731e+05
1.1083e+05
1.1711e+05
1.1481e+05
1.1759e+05
1.128e+05
1.4231e+05
1.3988e+05
56088
83299
96702
1.1341e+05
76747
69349
83493
87616
1.4468e+05
91182
1.2444e+05
95595
69027
1.0826e+05
90811
1.337e+05
1.2462e+05
1.4055e+05
1.1118e+05
1.2273e+05
1.1525e+05
1.2852e+05
1.2225e+05
1.5646e+05
1.3694e+05
1.3904e+05
66383
1.0171e+05
1.2635e+05
1.0567e+05
1.4336e+05
1.2214e+05
1.2292e+05
75208
75374
1.1278e+05
99371
1.2516e+05
1.4799e+05
66602
85745
73595
69903
79544
97616
96737
99501
87826
1.0252e+05
87088
81519
1.3377e+05
1.2325e+05
1.0307e+05
1.2159e+05
1.088e+05
86221
63061
59760
77101
90629
1.0015e+05
81935
1.1876e+05
1.1198e+05
1.161e+05
95676
1.4004e+05
86857
96346
78939
92766
80006
1.3495e+05
81647
76891
95842
98375
89011
87013
89798
79556
1.1201e+05
1.099e+05
73998
90832
1.2071e+05
96766
1.0029e+05
60992
61700
57710
77068
62726
42225
45107
47064
51177
50874
1.0324e+05
68890
65504
1.3876e+05
1.1999e+05
1.1676e+05
94660
85013
78755
64527
75636
57679
89700
75775
72194
63691
72304
56868
63795
62056
57298
93446
1.2459e+05
1.181e+05
79881
1.173e+05
1.1028e+05
1.0238e+05
97717
1.1676e+05
1.1004e+05
1.1532e+05
1.3816e+05
84303
65300
86102
1.2699e+05
1.1721e+05
1.354e+05
1.2326e+05
63139
63526
76373
60096
70660
80193
75574
1.0517e+05
80846
1.1787e+05
1.1625e+05
1.4525e+05
1.0318e+05
1.5455e+05
1.0995e+05
1.3264e+05
1.1773e+05
1.0328e+05
1.068e+05
1.0616e+05
1.0716e+05
1.0647e+05
1.0958e+05
1.1433e+05
83417
98704
91581
1.2552e+05
92174
1.125e+05
99688
97938
1.0497e+05
72334
88527
63711
95517
1.6022e+05
1.2737e+05
90303
79315
1.0013e+05
97783
83255
86909
53402
43417
68281
73122
68829
91425
74534
78105
84772
84934
72030
1.2226e+05
1.1222e+05
1.4385e+05
1.153e+05
1.0424e+05
61976
74017
84615
1.0427e+05
62973
57357
58000
62038
69268
90684
97284
69326
53944
77407
1.1206e+05
1.2388e+05
90666
94094
61720
68934
1.1872e+05
98718
62449
1.1615e+05
61963
79389
1.2055e+05
79171
78384
1.0846e+05
1.0423e+05
97792
1.161e+05
94565
1.1958e+05
94635
1.0705e+05
97442
1.2779e+05
1.1571e+05
1.107e+05
1.0496e+05
1.2078e+05
1.2929e+05
1.1605e+05
1.2428e+05
1.2903e+05
1.4848e+05
1.3197e+05
1.2893e+05
82974
1.2023e+05
1.2989e+05
1.4507e+05
1.1812e+05
86201
1.3322e+05
83767
1.3524e+05
1.1781e+05
82300
86032
83161
1.0566e+05
71497
62806
86606
85373
1.2584e+05
1.1896e+05
1.7401e+05
76394
1.2607e+05
1.2479e+05
1.2113e+05
98146
1.2113e+05
87557
91800
78132
96407
1.0717e+05
71774
69540
93464
69445
59257
72412
88362
1.0922e+05
1.1897e+05
70761
54425
53262
48321
67283
63243
59950
84647
88914
61417
65694
95236
1.1263e+05
1.321e+05
1.3727e+05
1.0499e+05
98232
1.3383e+05
78934
1.2115e+05
1.0134e+05
69959
65627
85412
58510
64816
57395
52612
69593
52706
1.0235e+05
1.0365e+05
1.1776e+05
86195
1.504e+05
1.3288e+05
1.3957e+05
1.0231e+05
1.0645e+05
83288
73250
88814
1.3802e+05
1.392e+05
1.1951e+05
87707
96584
77966
98877
1.149e+05
1.0656e+05
1.2048e+05
1.0054e+05
1.153e+05
83934
59629
56218
57508
48615
74691
94913
73268
66930
74993
97106
74997
1.0711e+05
1.1815e+05
85707
1.6101e+05
1.3017e+05
1.2707e+05
77052
1.1933e+05
1.5016e+05
98897
1.0214e+05
66908
81382
75871
50947
55009
54113
69413
1.0716e+05
1.1466e+05
1.1605e+05
1.3764e+05
1.4374e+05
69226
95497
84620
65429
1.0481e+05
1.5036e+05
1.3398e+05
1.0417e+05
75912
77105
90212
1.0635e+05
1.0299e+05
53228
77097
85315
81892
71439
1.3132e+05
1.1166e+05
88765
1.0267e+05
1.396e+05
62804
1.4631e+05
67176
64682
72809
69995
66786
68551
77236
73436
92715
95315
85725
97990
70282
85302
87099
60268
62932
75957
68190
74939
64214
69730
69825
87967
78743
1.1494e+05
1.1499e+05
88515
1.4348e+05
1.0055e+05
1.0803e+05
93235
1.4678e+05
1.2036e+05
1.3353e+05
1.1682e+05
1.1131e+05
68250
82479
75530
90398
56973
81778
66411
75997
51875
81600
75146
79234
54906
1.2291e+05
69491
90283
69765
97201
1.0812e+05
63413
55045
50899
54369
47511
68961
79117
52684
57376
61196
66510
57549
46043
75501
79565
1.0425e+05
73009
66187
48190
56759
82548
47854
61353
54048
57643
81702
82209
99492
97490
1.3175e+05
1.1263e+05
93872
82088
1.2446e+05
1.1141e+05
94322
1.0736e+05
1.0117e+05
1.157e+05
1.0468e+05
73854
1.3341e+05
1.5033e+05
72660
62091
50613
65661
76947
81638
1.4568e+05
1.4387e+05
1.1003e+05
86380
97846
86616
80788
76423
71429
66821
63600
84739
99260
77483
1.0413e+05
1.1966e+05
1.0123e+05
1.243e+05
1.3221e+05
1.2617e+05
84573
98752
1.0706e+05
95011
1.1528e+05
1.2289e+05
1.108e+05
1.4811e+05
1.0518e+05
1.1099e+05
65076
71770
62120
69317
51283
72607
70982
1.0187e+05
58502
67771
62861
1.3417e+05
1.1587e+05
1.4578e+05
1.2175e+05
96396
1.3565e+05
79526
77673
92465
1.0748e+05
1.2852e+05
1.1103e+05
1.1349e+05
99337
98804
1.0446e+05
1.1835e+05
1.419e+05
85672
91371
87700
1.4517e+05
1.2528e+05
1.0832e+05
62272
74376
1.2448e+05
79430
78560
1.1553e+05
1.063e+05
1.1143e+05
1.0317e+05
84462
81658
68512
82194
76829
51466
43859
64022
63745
73511
60312
54429
81098
1.1778e+05
1.4528e+05
1.304e+05
1.2553e+05
76985
93621
73274
83371
97435
1.1484e+05
60787
56390
46349
71071
1.2548e+05
1.1174e+05
51089
1.0445e+05
1.2858e+05
72576
1.0061e+05
1.0138e+05
1.012e+05
64921
75446
1.2377e+05
89148
93133
97120
85381
1.1515e+05
1.3252e+05
97402
68451
85563
66429
65828
59511
63833
86568
46767
76555
1.0933e+05
1.4245e+05
98350
1.0669e+05
1.2845e+05
1.1608e+05
94673
50903
55920
92888
87923
1.4403e+05
1.0769e+05
95998
61997
64174
46212
77892
45426
51583
42646
58369
51335
44835
51933
64766
68951
43078
47637
55977
41031
34421
45169
69603
95864
1.1436e+05
85156
1.6013e+05
1.0047e+05
1.0269e+05
1.2339e+05
1.0806e+05
1.1592e+05
1.6104e+05
1.2314e+05
1.3649e+05
96232
1.5862e+05
92857
52669
45656
47626
1.0985e+05
72980
1.0092e+05
70445
90338
71470
68899
76459
70596
98018
94576
97008
1.3846e+05
84404
1.1428e+05
77102
67875
56051
1.1031e+05
75663
1.2585e+05
1.0359e+05
67247
94417
60195
45634
51787
42282
58294
57503
50349
53983
60822
54196
43124
61819
69624
48883
72954
83409
1.2609e+05
69114
63700
68259
1.1751e+05
1.4705e+05
1.007e+05
1.542e+05
1.247e+05
1.2963e+05
1.0226e+05
89698
83742
1.0755e+05
93055
66001
62891
56431
47994
49989
65650
60346
93206
95075
75920
73240
80145
1.2605e+05
1.1347e+05
1.1983e+05
1.1282e+05
83049
1.2433e+05
70653
1.2112e+05
1.1503e+05
80219
1.0666e+05
82726
89360
1.0486e+05
63065
50095
54883
56054
74471
1.0021e+05
88461
97575
87983
87786
92176
1.3431e+05
1.3085e+05
1.5307e+05
1.1104e+05
1.3489e+05
92409
1.0515e+05
1.1487e+05
1.0419e+05
85515
1.315e+05
61593
68199
58904
93812
67249
53498
84958
55328
74495
1.2254e+05
1.0144e+05
1.0611e+05
1.2369e+05
1.3259e+05
1.3023e+05
1.1359e+05
65423
62717
91958
1.0002e+05
79488
98531
1.2744e+05
70983
87034
84317
53790
56127
62810
78689
71248
95172
1.1045e+05
1.3643e+05
1.022e+05
94760
99991
85278
49791
70180
83695
1.3313e+05
1.3679e+05
69447
63701
62766
47315
35454
37405
43284
37236
41884
42820
1.223e+05
1.2734e+05
1.4667e+05
1.353e+05
1.3064e+05
1.374e+05
80225
67985
67495
1.0603e+05
68426
61595
1.1168e+05
1.1495e+05
1.3336e+05
1.1413e+05
1.1565e+05
1.0206e+05
98810
1.2269e+05
80565
1.2157e+05
84734
69933
87716
75756
91546
79245
61683
46968
48785
44630
52826
52470
93231
1.1553e+05
77990
80590
72899
64918
53306
70695
87400
90134
90479
1.1421e+05
94736
1.2435e+05
93141
1.0541e+05
1.1676e+05
72643
58899
53528
72677
77119
77432
1.1703e+05
1.1337e+05
72231
96269
1.0076e+05
1.235e+05
1.1876e+05
1.2617e+05
1.3294e+05
82887
91964
89146
84299
1.3599e+05
1.2776e+05
1.0376e+05
84849
1.0468e+05
1.2394e+05
1.4896e+05
1.2198e+05
84799
66474
1.1561e+05
1.2404e+05
65577
83215
1.277e+05
1.3808e+05
1.2194e+05
68013
71201
87358
1.1556e+05
86896
81475
78516
1.3018e+05
1.3827e+05
1.0492e+05
1.1697e+05
1.1188e+05
1.2068e+05
1.2211e+05
73816
1.1591e+05
64710
1.083e+05
79453
71253
67718
64695
80102
75833
58107
46144
45888
57413
45574
59760
72788
68849
56351
57698
52533
46740
80041
82582
99935
65355
1.0053e+05
82510
69676
84964
92989
87588
78424
76180
66325
84444
92509
64415
84658
