43821
64985
59955
62608
95835
59755
54890
60954
50352
53455
69601
78215
86517
82882
68549
1.0016e+05
72920
76938
79951
73095
72709
80429
1.0223e+05
1.0239e+05
93489
79458
64527
58528
1.0096e+05
1.0181e+05
51436
49208
1.2161e+05
69178
85431
1.0957e+05
90985
1.2393e+05
1.1308e+05
66819
65797
68647
50887
90799
46934
44757
47759
62144
57206
44630
44080
59578
56585
49459
60391
42053
43923
40042
57407
84174
60136
82469
1.0547e+05
97061
61532
65550
60905
56037
71584
72443
64262
92658
83275
58629
56052
60397
77783
66705
66689
65157
54000
62463
69638
1.1584e+05
61426
58383
71271
66461
49232
56020
46445
58842
67156
79839
1.2204e+05
65259
95657
54993
72032
68899
65982
73089
83766
67931
67682
56629
70103
93562
60610
55963
91639
59208
88071
1.0561e+05
81170
1.1669e+05
1.0725e+05
94479
56147
58089
62726
72073
97078
67682
45375
68063
62358
58103
59667
64761
73305
54462
52571
83626
60431
85449
1.2294e+05
73201
52807
45778
50654
34352
39498
53809
46877
75456
53412
51609
55996
54021
56651
49853
58515
53981
49471
49709
51799
67911
53424
60254
69376
76306
72110
70591
1.0992e+05
74764
62377
61936
50306
65918
71384
54226
55189
47409
94597
52170
63085
80714
49779
52160
56944
72877
53362
67770
66550
63918
47592
47021
49755
55783
61865
82013
52779
68812
92757
86784
63142
71152
65791
69656
73638
64666
64835
46728
39409
51153
80769
56559
50413
72327
64840
45949
55483
56257
51269
55483
62975
85169
70829
79075
56288
60366
75672
63032
77460
71473
61424
63131
44977
44750
66439
67997
56385
50932
65583
66463
61039
55776
51985
78268
73307
80565
74703
73697
68691
55366
77696
57457
69277
51615
49079
66999
56266
73148
62476
48581
64941
67667
78781
76068
87943
94507
74597
74061
1.2353e+05
92246
96994
1.1015e+05
62157
55617
48814
54753
53131
69578
61874
62183
59750
53256
57865
58376
52358
63524
66799
82338
69054
63079
50256
74159
41195
48153
42777
45125
44659
61128
45911
54828
51096
51530
43409
69673
70787
70507
76262
57157
73378
90720
86864
76733
70162
59031
56637
83284
54425
65250
50097
53172
59037
69323
53433
76461
53062
51108
52615
38469
68916
50987
80577
71987
46905
45242
50479
86653
66669
59760
59141
42088
52177
50985
63364
69823
64276
94654
82283
71121
1.1994e+05
98851
74663
42310
45785
62078
48253
71131
70370
76498
76126
70781
46225
55212
81954
49705
53613
57047
45328
62351
75786
66021
54552
42287
54681
56717
1.1927e+05
83695
60422
64698
69502
55987
52147
53888
59003
59547
61677
58174
49806
48386
48730
41352
1.1129e+05
51982
51731
50899
48592
74768
69211
57854
72663
76671
62096
67755
70411
87926
65805
45563
54838
36494
47748
75854
51648
56315
67480
49850
58379
69416
82918
53708
48360
48768
46935
56073
59449
53417
59544
83485
46591
70333
60896
64432
58484
57862
63673
61002
45856
51779
63803
50633
57159
57249
54025
81825
1.3972e+05
57570
61031
1.0418e+05
74307
77367
59555
69420
52563
68319
64687
1.5469e+05
71441
58001
55998
49314
47710
52787
43140
56282
59955
64250
77161
95881
56355
46840
39720
61351
54280
79926
61264
62053
56715
57265
53940
73047
53896
36767
50331
49229
64987
85639
53539
85966
65135
77215
64327
82159
55859
67502
85233
60414
69447
50767
65777
53892
53246
55304
72509
71172
67016
47029
53353
61727
77154
95979
77344
70205
67870
60573
48555
49741
53849
65684
69383
71537
74729
64205
64361
91893
67869
78006
1.2524e+05
85080
1.0584e+05
88242
89098
76893
66072
1.044e+05
77520
73169
75647
67795
73768
50189
68523
54925
63205
66098
64080
63208
53560
53193
42217
44431
53231
58192
51625
43258
60280
51304
69705
69316
72925
56424
51124
57481
93321
57742
87988
1.0611e+05
59616
50346
75498
73822
41615
41290
44351
59514
65215
56327
71980
76548
73955
69906
85159
1.1542e+05
56789
62166
43634
58723
73564
95001
65030
65803
97568
57182
58052
57263
1.0261e+05
62356
60014
65918
85699
82213
66670
92110
66055
61679
66234
51067
49144
52596
54477
60340
73489
54848
86321
59771
54843
53740
53051
72792
74634
66952
62341
65427
56620
54947
61690
69369
93521
95694
75057
57576
82220
70600
52321
60193
49459
96421
73100
69883
45953
63771
60533
54856
59118
64096
75737
57760
49737
80958
58662
52793
49685
50449
55372
86349
51106
50166
67810
70796
50412
67849
56773
53750
65654
49864
81648
70450
1.0161e+05
82625
81501
68565
59577
76121
60728
46506
58431
62992
60617
83404
58241
86364
79645
54477
62586
79657
61537
1.0794e+05
62339
46634
50927
79341
72025
1.0323e+05
1.0314e+05
52353
54056
63749
98131
93857
73284
71680
60912
48712
63248
53347
60394
55740
55901
57027
1.1965e+05
74903
1.1592e+05
80609
80440
96802
71822
55741
42434
52511
59767
50936
69034
81740
89405
73639
90268
82299
1.3371e+05
1.1607e+05
63501
49322
66523
58940
48140
48828
51421
44067
47596
43658
49127
47584
54311
60232
57086
58726
84124
58296
63887
88956
55510
50424
64760
55784
63963
74985
72050
53162
60032
59972
90409
71198
51970
42181
39665
43218
45627
52887
51003
45619
38149
42289
45979
46491
45803
49731
46103
53519
60038
58937
64451
46247
70863
92953
80239
85277
75866
66482
78482
94168
93682
72105
79275
1.1719e+05
73003
52726
56437
48750
52677
64035
63490
64576
57769
66389
59405
77584
69321
83422
1.3853e+05
60621
52031
70465
72422
99919
76654
58024
68445
98401
68904
48417
86626
47364
61619
85034
48711
53987
64292
45957
71574
57804
43976
77766
80180
86474
51465
60165
69460
54642
60501
55839
55845
42215
36824
46820
51266
48783
48177
44574
59565
65907
64275
80996
1.0552e+05
68617
87894
1.3239e+05
66458
64790
75628
50340
70447
78990
59890
66259
41938
42426
42716
39293
46090
55327
54856
49386
60360
65004
57942
60864
91855
83269
1.0935e+05
79535
59797
55254
48164
61027
64364
65425
1.1409e+05
1.5237e+05
68344
98379
90738
90048
90793
75995
61393
1.1454e+05
99480
79031
55416
87598
64357
50350
71291
95447
63041
51216
70929
73037
52624
56033
62602
60645
66764
66643
62112
87109
53897
47919
67131
68672
47675
62260
76652
53384
46477
46889
44295
48799
54545
58137
59144
60593
76375
60694
61640
75010
82662
74029
79973
1.0851e+05
1.0946e+05
77722
87530
62028
69164
89515
60506
1.0099e+05
72006
66830
70281
64782
92034
60486
63028
91131
98035
77360
81784
60485
60640
65858
87470
99114
1.0249e+05
65366
59177
84230
52256
59149
53155
55490
45367
55861
59752
73664
48202
63853
83200
56882
79840
86381
69560
92835
92785
69747
97617
62026
91019
56378
54614
46829
58779
63460
49173
85544
56041
80904
58786
46330
62668
50374
62242
60362
42946
63927
92853
39919
55425
