1.5691e+05
50630
1.4463e+05
1.0075e+05
58328
96739
47300
1.3527e+05
65072
59249
1.1083e+05
69837
36798
51069
1.3956e+05
1.0937e+05
1.0469e+05
68307
93222
55334
59654
98768
68245
87819
77564
79656
68004
77744
39092
49457
1.2079e+05
1.2643e+05
1.0204e+05
47048
77598
98828
92059
1.0328e+05
73974
1.0802e+05
1.2104e+05
51612
1.5134e+05
47482
86917
1.0924e+05
60266
1.3448e+05
71506
52550
1.0366e+05
1.3667e+05
79543
98483
91114
1.0507e+05
84582
75550
78315
1.2243e+05
93128
1.2193e+05
61867
53009
1.247e+05
67237
86865
63195
46491
1.3524e+05
1.6075e+05
1.0279e+05
84656
97767
43940
50083
1.4514e+05
70148
82132
70357
1.0035e+05
1.3405e+05
82575
54072
42213
1.4881e+05
71847
58129
54864
1.0022e+05
92105
1.533e+05
69277
47572
36923
1.051e+05
1.2596e+05
1.29e+05
1.1758e+05
93674
49629
1.1825e+05
1.1576e+05
44522
40662
51061
94301
56966
60295
80622
1.1852e+05
81155
75766
52848
32859
42915
79548
97874
1.0964e+05
50270
44366
1.4642e+05
68569
39774
53515
1.2777e+05
1.122e+05
76939
57754
81067
1.0427e+05
1.1295e+05
75974
1.4254e+05
95310
1.0685e+05
58675
78663
1.0342e+05
52307
58357
41468
44104
33292
39278
40208
83236
1.138e+05
69770
1.4958e+05
96922
65551
1.1209e+05
1.1835e+05
92797
82544
50910
45809
55925
1.0888e+05
96480
99003
65796
87909
1.2096e+05
80140
99628
89639
54139
99466
1.0752e+05
82029
89426
94442
56738
42690
62284
76812
74519
51207
60491
1.1496e+05
1.1771e+05
1.1748e+05
1.4999e+05
56434
43530
58093
1.4995e+05
66230
1.1536e+05
80632
82454
1.213e+05
1.0621e+05
94324
1.044e+05
67097
74084
1.2065e+05
1.2486e+05
64953
62424
46385
57513
1.337e+05
1.2789e+05
1.0285e+05
87743
1.2028e+05
94438
1.1506e+05
1.6358e+05
68939
1.2868e+05
1.1878e+05
74308
1.0158e+05
78627
1.3334e+05
43150
1.1372e+05
87730
1.0319e+05
34932
38763
36273
34380
41897
38287
33533
42354
41368
41850
65898
1.0676e+05
1.4547e+05
54070
1.1191e+05
73972
74472
66978
1.1932e+05
61047
77182
1.2673e+05
1.3223e+05
82337
1.4092e+05
56284
35289
37625
38382
70382
1.2474e+05
1.0481e+05
34617
1.1316e+05
83155
46944
1.322e+05
62703
1.1706e+05
1.1888e+05
76897
48507
38421
72131
1.1942e+05
54919
1.1075e+05
96007
51496
39134
59855
1.1029e+05
79130
63795
92572
62255
95276
66099
56849
53841
94614
35435
75855
1.3991e+05
1.3038e+05
97580
56106
96452
34932
39061
68189
90196
1.1351e+05
72475
73143
76088
1.1035e+05
95807
46315
1.5175e+05
76029
1.1116e+05
80225
1.0498e+05
32930
98538
1.5412e+05
1.1426e+05
1.1548e+05
45595
91768
75309
50333
1.3595e+05
1.2074e+05
1.0016e+05
1.4599e+05
72960
67970
36936
38133
52247
63134
83723
1.1981e+05
76612
1.0519e+05
1.1131e+05
92914
83469
1.1525e+05
1.0414e+05
41666
1.6408e+05
96678
71488
1.0783e+05
47966
1.3191e+05
71285
95328
1.1054e+05
49704
85963
1.436e+05
59588
1.0743e+05
60810
69734
1.3029e+05
85984
49093
50416
45235
1.2052e+05
1.0667e+05
96953
1.1487e+05
1.3029e+05
91618
53110
93550
68007
1.3634e+05
53430
1.2521e+05
1.2303e+05
85691
1.2941e+05
1.5043e+05
91730
76523
87898
42537
1.0279e+05
59766
92443
49959
79927
1.084e+05
1.0077e+05
95099
56816
46836
66407
37862
39621
82518
1.0783e+05
61629
1.1429e+05
1.0222e+05
76814
86185
54045
49890
54684
48865
78263
94775
1.6137e+05
51579
84580
1.0842e+05
71711
76104
1.1148e+05
1.3674e+05
72772
1.1449e+05
91437
1.3888e+05
1.1641e+05
1.2477e+05
1.0837e+05
1.198e+05
95824
52212
61889
69509
1.4015e+05
1.0856e+05
1.2075e+05
32844
1.429e+05
1.2178e+05
72708
86223
94970
1.1028e+05
1.2922e+05
75724
88054
84860
97604
76612
1.2556e+05
92974
1.2602e+05
90589
48111
1.2553e+05
91212
54148
50450
44051
47784
79780
72733
73461
74748
62688
45670
92394
44951
78827
46736
62500
60696
60412
1.2712e+05
1.1424e+05
1.0302e+05
60836
1.2899e+05
1.3809e+05
83813
1.3375e+05
1.1919e+05
1.1351e+05
1.0384e+05
46195
40281
68317
72309
84589
80767
68827
1.1652e+05
1.1355e+05
1.3418e+05
1.229e+05
56729
1.1045e+05
92480
53420
1.4453e+05
65873
99450
1.1936e+05
1.0148e+05
1.3096e+05
90161
67347
1.2384e+05
45586
70526
1.1295e+05
1.1661e+05
1.1707e+05
39988
31899
71002
99910
36004
1.0438e+05
99415
93862
71656
1.259e+05
1.0883e+05
76759
92860
1.4594e+05
62936
1.2064e+05
65464
1.0568e+05
99352
1.2156e+05
1.4553e+05
40681
59917
64453
1.3311e+05
1.3737e+05
56808
1.0612e+05
1.3891e+05
97706
1.1187e+05
1.0248e+05
1.1479e+05
1.0927e+05
1.1113e+05
38597
39336
75153
96460
71118
1.2995e+05
1.1488e+05
98253
1.161e+05
1.0352e+05
1.466e+05
41914
43286
1.2552e+05
1.2714e+05
1.3656e+05
52268
74308
1.3437e+05
82064
47145
96659
38653
1.3579e+05
96865
59920
86509
1.0297e+05
43266
57362
1.2984e+05
43290
1.1961e+05
1.0078e+05
97741
63937
99859
89543
1.1495e+05
1.214e+05
1.2289e+05
39467
1.0818e+05
1.1042e+05
1.2628e+05
61967
1.1645e+05
95318
1.3686e+05
71224
68524
1.2112e+05
1.2684e+05
1.2753e+05
1.0992e+05
83984
1.1746e+05
53240
43686
1.3399e+05
94571
1.2477e+05
1.1107e+05
92791
1.4765e+05
1.1736e+05
1.0208e+05
1.3296e+05
88975
1.3506e+05
1.2362e+05
1.3203e+05
1.1935e+05
1.0435e+05
1.1599e+05
47276
1.2822e+05
58176
86490
84284
54000
68870
1.2596e+05
57196
59285
42721
57765
90403
44801
1.3291e+05
58278
61513
1.3795e+05
64386
1.3365e+05
1.0368e+05
1.4651e+05
51108
64575
77988
87630
99361
1.2444e+05
80788
84608
62136
43544
40803
67170
55443
98313
42843
1.3111e+05
57485
73303
97912
53598
1.0878e+05
1.0438e+05
76351
45352
39530
38354
41605
51656
1.3925e+05
1.2491e+05
1.2074e+05
1.3189e+05
42863
36550
37225
35978
39196
1.1435e+05
1.1618e+05
45506
70495
1.33e+05
87418
1.098e+05
1.2862e+05
88544
76384
1.1793e+05
93118
48476
74379
69420
1.3145e+05
1.8146e+05
52900
1.1098e+05
1.1921e+05
85500
1.1592e+05
1.0918e+05
50158
1.2169e+05
98121
80723
1.4907e+05
79200
1.24e+05
1.2898e+05
96979
62089
97170
52558
56616
76711
46134
1.1002e+05
97005
56304
1.5421e+05
1.274e+05
60246
99640
62578
73905
42547
1.3684e+05
1.1257e+05
72517
1.2853e+05
1.5372e+05
33930
34748
51780
99431
99233
58285
1.1034e+05
72707
39974
98116
48688
1.1875e+05
1.1534e+05
41254
1.3504e+05
1.1799e+05
67244
84787
84302
1.2631e+05
94535
1.5382e+05
1.0022e+05
1.1992e+05
82942
59899
90031
1.528e+05
72969
1.2115e+05
1.0373e+05
1.353e+05
1.0938e+05
56137
95830
92493
60070
56113
1.1918e+05
76380
1.1664e+05
1.3572e+05
88234
1.3097e+05
83699
60844
84919
1.2589e+05
1.5015e+05
53293
1.1524e+05
1.3655e+05
74250
85688
1.1451e+05
1.1892e+05
1.1628e+05
95534
1.0996e+05
1.3028e+05
46699
1.2406e+05
1.583e+05
49710
79603
1.1666e+05
63983
55275
1.1518e+05
1.1555e+05
82332
1.2766e+05
1.0328e+05
1.2699e+05
60139
1.8025e+05
57788
1.2194e+05
1.4081e+05
88040
79148
39086
99520
85940
1.0265e+05
1.2765e+05
80873
1.1918e+05
66280
46465
43755
1.5349e+05
69352
46106
67395
50342
70219
61625
1.2e+05
1.542e+05
1.5277e+05
68211
1.1989e+05
37793
48137
47334
1.3189e+05
83852
96436
66549
59517
36554
59763
68426
42663
1.4193e+05
80016
33407
95446
1.0774e+05
46493
95200
43347
1.4367e+05
43847
1.047e+05
1.1986e+05
1.2002e+05
90764
84960
1.0264e+05
96072
1.0382e+05
83894
1.2907e+05
1.436e+05
1.3638e+05
1.0137e+05
1.2013e+05
1.6182e+05
67911
1.0844e+05
69249
67322
1.1009e+05
41891
99963
44146
42630
1.072e+05
99399
45329
1.0318e+05
91390
1.1616e+05
41365
1.1155e+05
56657
1.2242e+05
79160
1.4191e+05
53885
74061
1.0252e+05
72355
1.5216e+05
81105
65119
49957
1.3616e+05
67907
45892
1.1236e+05
1.0865e+05
61041
1.5227e+05
35287
1.0837e+05
1.0732e+05
63164
61130
98384
58958
1.3321e+05
47738
1.5056e+05
1.3527e+05
75141
61242
55823
1.3199e+05
1.0223e+05
74166
1.4806e+05
79485
83767
61444
65147
93161
1.2259e+05
1.3928e+05
1.0848e+05
49147
64536
69858
70623
89433
98512
79558
66811
38964
1.1584e+05
91188
47442
61439
1.2853e+05
1.0056e+05
91140
1.5831e+05
1.0384e+05
1.0016e+05
1.1407e+05
1.0309e+05
59897
75322
95776
66974
1.0971e+05
1.1431e+05
1.0045e+05
1.4858e+05
65555
73800
1.2489e+05
1.1481e+05
1.1169e+05
1.0102e+05
89463
1.0663e+05
1.0222e+05
68510
56851
1.2288e+05
1.0259e+05
78534
1.4432e+05
83107
82479
56799
44639
85548
1.1257e+05
89074
76987
46574
41928
51976
44999
87626
82771
84787
1.4548e+05
1.0008e+05
89978
97505
1.0864e+05
1.2467e+05
79744
43461
46113
1.1527e+05
1.1331e+05
38633
76041
61864
