[1 samples from mcmc run generated by language trees. File written 20-Aug-2021 11:58:04]
[For associated trees see same file with .nex extension]
[    Sample   log prior      integrated llkd   root time           mu           p            lambda       kappa           rho              ncat      log likelihood        beta ]
         1         26.00197          0.00000  14951.28216      0.002362250  1.000000000      0.001500000  0.000000000  0.000000000           0          0.00000      0.000000000  
         2         32.21231          0.00000  13238.28399      0.000000529  1.000000000      0.001500000  0.000000000  0.000000000           0          0.00000      0.000000000  
         3         30.80023          0.00000  14866.99769      0.000325688  1.000000000      0.001500000  0.000000000  0.000000000           0          0.00000      0.000000000  
         4         30.98207          0.00000  13826.72857      0.000234103  1.000000000      0.001500000  0.000000000  0.000000000           0          0.00000      0.000000000  
         5         30.80810          0.00000  11177.69839      0.022834150  1.000000000      0.001500000  0.000000000  0.000000000           0          0.00000      0.000000000  
         6         33.17009          0.00000  11125.47028      0.000000387  1.000000000      0.001500000  0.000000000  0.000000000           0          0.00000      0.000000000  
         7         27.09004          0.00000  13575.29613      0.038918515  1.000000000      0.001500000  0.000000000  0.000000000           0          0.00000      0.000000000  
         8         34.53015          0.00000  14425.84575      0.000004463  1.000000000      0.001500000  0.000000000  0.000000000           0          0.00000      0.000000000  
         9         43.24970          0.00000   6876.58942      0.000000002  1.000000000      0.001500000  0.000000000  0.000000000           0          0.00000      0.000000000  
        10         32.92540          0.00000  13117.51229      0.000001032  1.000000000      0.001500000  0.000000000  0.000000000           0          0.00000      0.000000000  
        11         40.36059          0.00000  10891.06639      0.000000007  1.000000000      0.001500000  0.000000000  0.000000000           0          0.00000      0.000000000  
        12         46.78993          0.00000   6677.60919      0.000000001  1.000000000      0.001500000  0.000000000  0.000000000           0          0.00000      0.000000000  
        13         43.68750          0.00000   6550.81990      0.000004298  1.000000000      0.001500000  0.000000000  0.000000000           0          0.00000      0.000000000  
        14         60.99232          0.00000   4216.55601      0.001060401  1.000000000      0.001500000  0.000000000  0.000000000           0          0.00000      0.000000000  
        15         53.15315          0.00000   4869.15681      0.002432760  1.000000000      0.001500000  0.000000000  0.000000000           0          0.00000      0.000000000  
        16         60.96455          0.00000   4042.42837      6.148578042  1.000000000      0.001500000  0.000000000  0.000000000           0          0.00000      0.000000000  
        17         56.52841          0.00000   4373.75012      0.100479503  1.000000000      0.001500000  0.000000000  0.000000000           0          0.00000      0.000000000  
        18         57.28860          0.00000   4965.20107    945.431643648  1.000000000      0.001500000  0.000000000  0.000000000           0          0.00000      0.000000000  
        19         33.91087          0.00000  11000.91999     75.589523102  1.000000000      0.001500000  0.000000000  0.000000000           0          0.00000      0.000000000  
        20         45.88944          0.00000   7572.79942      0.000420777  1.000000000      0.001500000  0.000000000  0.000000000           0          0.00000      0.000000000  
        21         55.91209          0.00000   4992.80509    208.716395308  1.000000000      0.001500000  0.000000000  0.000000000           0          0.00000      0.000000000  
        22         39.57624          0.00000   9306.94647      0.045090213  1.000000000      0.001500000  0.000000000  0.000000000           0          0.00000      0.000000000  
        23         31.66228          0.00000  13313.54514     23.456050641  1.000000000      0.001500000  0.000000000  0.000000000           0          0.00000      0.000000000  
        24         35.45704          0.00000  12044.38071      5.016010438  1.000000000      0.001500000  0.000000000  0.000000000           0          0.00000      0.000000000  
        25         29.79994          0.00000  13464.23859      1.178727035  1.000000000      0.001500000  0.000000000  0.000000000           0          0.00000      0.000000000  
        26         40.29678          0.00000   6992.99380      0.000041690  1.000000000      0.001500000  0.000000000  0.000000000           0          0.00000      0.000000000  
        27         37.63393          0.00000   8169.03448      0.000000387  1.000000000      0.001500000  0.000000000  0.000000000           0          0.00000      0.000000000  
        28         40.69864          0.00000   7425.56526      0.000017609  1.000000000      0.001500000  0.000000000  0.000000000           0          0.00000      0.000000000  
        29         34.80890          0.00000   8629.72559      0.000000000  1.000000000      0.001500000  0.000000000  0.000000000           0          0.00000      0.000000000  
        30         31.26966          0.00000  12664.15732      0.000000000  1.000000000      0.001500000  0.000000000  0.000000000           0          0.00000      0.000000000  
        31         30.38453          0.00000  12353.00097      0.000000000  1.000000000      0.001500000  0.000000000  0.000000000           0          0.00000      0.000000000  
        32         33.06277          0.00000  10602.86978      0.000000016  1.000000000      0.001500000  0.000000000  0.000000000           0          0.00000      0.000000000  
        33         33.89427          0.00000  11701.53527      0.000000001  1.000000000      0.001500000  0.000000000  0.000000000           0          0.00000      0.000000000  
        34         36.05495          0.00000  10480.83278      0.000000001  1.000000000      0.001500000  0.000000000  0.000000000           0          0.00000      0.000000000  
        35         46.86136          0.00000   6188.95236      0.000000000  1.000000000      0.001500000  0.000000000  0.000000000           0          0.00000      0.000000000  
        36         39.86195          0.00000   9162.79183      0.000000000  1.000000000      0.001500000  0.000000000  0.000000000           0          0.00000      0.000000000  
        37         58.08360          0.00000   4793.86644      0.000000000  1.000000000      0.001500000  0.000000000  0.000000000           0          0.00000      0.000000000  
        38         32.77723          0.00000  13590.44145      0.000000000  1.000000000      0.001500000  0.000000000  0.000000000           0          0.00000      0.000000000  
        39         36.85025          0.00000   9064.07163      0.000000000  1.000000000      0.001500000  0.000000000  0.000000000           0          0.00000      0.000000000  
        40         39.54753          0.00000   8506.39365      0.000000000  1.000000000      0.001500000  0.000000000  0.000000000           0          0.00000      0.000000000  
        41         31.38399          0.00000  12648.05446      0.000000000  1.000000000      0.001500000  0.000000000  0.000000000           0          0.00000      0.000000000  
        42         35.88898          0.00000  11477.01376      0.000000000  1.000000000      0.001500000  0.000000000  0.000000000           0          0.00000      0.000000000  
        43         29.51922          0.00000  15690.68530      0.000000000  1.000000000      0.001500000  0.000000000  0.000000000           0          0.00000      0.000000000  
        44         33.80777          0.00000  10288.20950      0.000000000  1.000000000      0.001500000  0.000000000  0.000000000           0          0.00000      0.000000000  
        45         31.66239          0.00000  11284.26755      0.000000000  1.000000000      0.001500000  0.000000000  0.000000000           0          0.00000      0.000000000  
        46         43.07298          0.00000   7491.65483      0.000000000  1.000000000      0.001500000  0.000000000  0.000000000           0          0.00000      0.000000000  
        47         33.39758          0.00000  13496.74177      0.000000000  1.000000000      0.001500000  0.000000000  0.000000000           0          0.00000      0.000000000  
        48         38.70912          0.00000   9123.40333      0.000000000  1.000000000      0.001500000  0.000000000  0.000000000           0          0.00000      0.000000000  
        49         44.77010          0.00000   6337.69585      0.000000000  1.000000000      0.001500000  0.000000000  0.000000000           0          0.00000      0.000000000  
        50         30.12194          0.00000  15010.19603      0.000000000  1.000000000      0.001500000  0.000000000  0.000000000           0          0.00000      0.000000000  
        51         35.71991          0.00000   8620.90507      0.000000000  1.000000000      0.001500000  0.000000000  0.000000000           0          0.00000      0.000000000  
        52         26.74533          0.00000  15145.73233      0.000001263  1.000000000      0.001500000  0.000000000  0.000000000           0          0.00000      0.000000000  
        53         38.85686          0.00000   7860.30662      0.000000036  1.000000000      0.001500000  0.000000000  0.000000000           0          0.00000      0.000000000  
        54         28.24772          0.00000  15595.06111      0.000000004  1.000000000      0.001500000  0.000000000  0.000000000           0          0.00000      0.000000000  
        55         34.37135          0.00000  11145.04811      0.000000000  1.000000000      0.001500000  0.000000000  0.000000000           0          0.00000      0.000000000  
        56         34.42910          0.00000  12443.65642      0.000000000  1.000000000      0.001500000  0.000000000  0.000000000           0          0.00000      0.000000000  
        57         39.01634          0.00000   9797.97127      0.000000000  1.000000000      0.001500000  0.000000000  0.000000000           0          0.00000      0.000000000  
        58         35.57669          0.00000   7739.29873      0.000000000  1.000000000      0.001500000  0.000000000  0.000000000           0          0.00000      0.000000000  
        59         31.24904          0.00000  11604.84149      0.000000000  1.000000000      0.001500000  0.000000000  0.000000000           0          0.00000      0.000000000  
        60         27.02917          0.00000  15164.23524      0.000000000  1.000000000      0.001500000  0.000000000  0.000000000           0          0.00000      0.000000000  
        61         30.29048          0.00000  15022.24149      0.000000000  1.000000000      0.001500000  0.000000000  0.000000000           0          0.00000      0.000000000  
        62         32.61150          0.00000  13067.82168      0.000000000  1.000000000      0.001500000  0.000000000  0.000000000           0          0.00000      0.000000000  
        63         47.77906          0.00000   6690.66870      0.000000000  1.000000000      0.001500000  0.000000000  0.000000000           0          0.00000      0.000000000  
        64         35.40887          0.00000   9068.68282      0.000000000  1.000000000      0.001500000  0.000000000  0.000000000           0          0.00000      0.000000000  
        65         29.95018          0.00000  14991.38976      0.000000000  1.000000000      0.001500000  0.000000000  0.000000000           0          0.00000      0.000000000  
        66         25.13337          0.00000  15605.65023      0.000000000  1.000000000      0.001500000  0.000000000  0.000000000           0          0.00000      0.000000000  
        67         30.31159          0.00000  11552.23284      0.000000000  1.000000000      0.001500000  0.000000000  0.000000000           0          0.00000      0.000000000  
        68         31.81649          0.00000  12114.99732      0.000000000  1.000000000      0.001500000  0.000000000  0.000000000           0          0.00000      0.000000000  
        69         30.25793          0.00000  13398.65114      0.000000000  1.000000000      0.001500000  0.000000000  0.000000000           0          0.00000      0.000000000  
        70         29.66373          0.00000  11570.16408      0.000000000  1.000000000      0.001500000  0.000000000  0.000000000           0          0.00000      0.000000000  
        71         38.77396          0.00000   9937.35089      0.000000000  1.000000000      0.001500000  0.000000000  0.000000000           0          0.00000      0.000000000  
        72         36.57937          0.00000  10476.22524      0.000000000  1.000000000      0.001500000  0.000000000  0.000000000           0          0.00000      0.000000000  
        73         34.27511          0.00000  11470.90381      0.000000000  1.000000000      0.001500000  0.000000000  0.000000000           0          0.00000      0.000000000  
        74         56.44607          0.00000   5206.85141      0.000000000  1.000000000      0.001500000  0.000000000  0.000000000           0          0.00000      0.000000000  
        75         29.92686          0.00000  12727.92896      0.000000000  1.000000000      0.001500000  0.000000000  0.000000000           0          0.00000      0.000000000  
        76         26.43574          0.00000  14502.03894      0.000000000  1.000000000      0.001500000  0.000000000  0.000000000           0          0.00000      0.000000000  
