43279
47844
65527
47993
48525
53301
44283
51358
58564
59966
62426
47393
64421
53295
66253
54256
56660
87663
75785
72507
61068
71516
48196
47525
56787
50744
54730
64730
67545
65267
53573
56134
65866
49108
50535
53465
64055
73799
74377
72516
87273
53571
53718
50144
60085
72410
76073
56075
57230
43327
40808
55531
47793
45594
48210
44714
58564
75088
98782
86578
67042
60242
66176
65061
83680
75865
71084
64008
61695
71484
88682
1.0214e+05
80259
83765
1.0977e+05
1.1006e+05
81795
93774
88584
68552
69136
75690
77086
77162
78432
88926
1.0001e+05
91207
89275
65893
56124
53440
65917
60697
77530
66773
58783
48222
71167
84503
61598
58572
62610
75181
86469
80166
66951
73935
58868
56579
59247
64108
48880
58602
57364
49923
41771
51086
40466
51116
45789
48630
40568
56412
47401
49778
48879
64661
54976
47046
50096
55650
1.0408e+05
72942
51404
47527
67405
62176
61130
59419
59784
70083
54115
65734
68459
1.0438e+05
51428
76637
82568
63863
62767
50983
49273
63630
84244
76290
91737
82548
85360
98735
2.0939e+05
2.4255e+05
1.745e+05
87840
62715
72331
61353
67187
93186
75960
67526
57464
54471
58705
51035
67353
72660
63294
54303
63344
59488
58177
78115
85801
89908
59867
94420
83587
89263
87429
93061
69681
78051
87159
1.217e+05
82246
87055
93363
78060
83195
61188
57577
63448
73285
59072
50707
73413
53759
58684
65203
76940
64130
51334
53314
50262
71012
73231
81899
49157
51023
51584
57497
60764
61242
50360
57644
51110
45476
55242
48824
55809
57177
76751
55425
63474
61770
58625
57823
62332
72220
70660
61008
57296
66882
63372
75529
61407
90474
74349
74293
54738
49169
56410
67908
65654
71518
65576
69614
1.2064e+05
1.3004e+05
98198
1.1434e+05
89973
83441
81983
72045
75474
86109
83331
87803
60056
96911
1.1183e+05
1.1881e+05
1.1916e+05
98157
1.1994e+05
1.1949e+05
1.0676e+05
1.0178e+05
81963
74825
76955
77809
71801
70300
90029
64015
64144
85296
95411
62654
47991
58898
53300
68559
78685
72542
62841
1.0555e+05
85073
60515
68617
58872
53588
57316
75721
94028
62746
58431
82548
60390
49340
48796
50205
46325
61008
43004
49715
47613
45908
46458
46996
59082
58849
58771
47842
45880
62341
64859
62493
58768
50261
57590
61005
75597
65886
87352
76921
80640
76056
66268
72471
60625
65741
74373
58563
66429
77981
67227
63851
59564
56912
68837
85707
56059
58848
47672
54452
60038
61124
48288
60270
80402
92069
76080
72617
81419
82909
62839
66529
62542
68427
58182
69642
73801
54177
71559
83765
85580
1.2059e+05
1.0043e+05
74961
69243
90831
1.0157e+05
60613
71113
68952
47030
43606
51467
50804
56059
69010
80260
66088
1.1802e+05
99285
81992
1.0061e+05
1.6383e+05
1.0216e+05
1.4284e+05
1.3888e+05
1.1457e+05
1.1448e+05
63473
64354
55762
54498
63519
67106
81947
56796
74697
60208
59055
71743
63126
59484
62918
74773
67401
56885
64783
52104
62112
66683
66488
78559
56455
53262
58005
69620
69532
52241
56090
53767
53158
53605
69119
82965
75845
64846
66738
68883
59164
61139
61344
75708
83746
1.1317e+05
95215
90622
1.0178e+05
67944
62170
62197
80037
87210
99179
87613
1.1598e+05
93632
66322
72623
93223
94480
1.1619e+05
69306
66177
82275
76055
81196
80109
84928
78596
67995
53853
67713
99026
1.2761e+05
1.4294e+05
73414
66020
55066
68888
63312
56202
58449
51212
55435
59915
58837
58746
54848
51153
55899
71475
62225
57110
74217
62845
53551
70595
62462
64522
54318
75620
91260
74800
79833
88485
92949
94531
96807
67204
65235
65009
92712
96517
93218
88595
64855
71062
60125
61888
65968
71920
1.0805e+05
91215
85904
62572
69686
71718
62017
54164
52263
59907
57575
56097
59494
78068
73608
54990
83729
81368
72143
63042
51873
65312
62492
66037
73283
80708
60197
60913
74892
61753
73613
70006
1.3424e+05
74829
1.0105e+05
60310
68170
69612
58287
63123
56119
53180
61010
60797
61658
54726
67032
69949
72795
73924
1.0318e+05
80587
74197
75091
87874
92842
70867
73193
79003
53414
59395
50271
57303
63182
47613
58455
76364
59310
40744
50889
60670
54503
58222
61952
82653
75251
71038
66637
82539
63669
67662
92505
68876
67386
75967
98701
58587
58460
64287
71817
54057
43808
49994
48676
39504
51602
52855
41993
42394
41285
55450
56401
48248
65901
79808
98803
1.4183e+05
54322
60362
71429
83524
72028
76989
61458
64507
72930
92830
2.0353e+05
85230
73898
56908
1.1544e+05
65580
91773
77505
74447
64425
83348
74124
94837
75506
59375
55247
60579
62194
53560
59611
52659
49414
65757
55375
54023
52327
81860
1.5465e+05
72385
89506
92536
1.1104e+05
94832
93944
90791
92496
1.2264e+05
87451
70488
88140
73662
80459
71942
50497
57276
47665
60116
52596
65157
64352
61093
52071
86126
67087
67810
82697
54063
77021
57958
57347
65151
69537
74536
61120
78706
98420
1.0769e+05
79133
84923
65984
70718
80291
71790
60261
65536
83551
1.0385e+05
1.0262e+05
1.0701e+05
69096
85566
80226
1.0601e+05
98461
94612
92498
1.058e+05
66371
55528
51154
1.1053e+05
1.0791e+05
99777
1.6512e+05
92374
1.0538e+05
78130
94587
81350
1.0237e+05
89811
81612
1.0384e+05
98197
78924
66859
68720
64459
72346
74582
46972
46550
53216
47282
78220
60153
67165
71286
80260
1.1011e+05
1.4487e+05
1.4137e+05
1.7055e+05
89119
71378
1.0193e+05
1.0372e+05
1.1471e+05
1.354e+05
98349
1.032e+05
1.5728e+05
1.1715e+05
1.0579e+05
1.0188e+05
67896
78636
53203
61636
57629
52146
44247
47238
45142
49733
45423
48058
56034
52872
58584
84024
78701
85222
72552
57151
62287
51411
66129
66547
64398
70132
58075
53014
56714
61849
70055
70580
47394
64305
54558
62076
50508
64321
52075
59589
72660
65552
61798
73098
63066
50218
46867
57932
58731
63586
54189
52311
58705
51458
44906
49763
49422
60920
73644
71414
76311
59336
57999
49642
48948
58438
49887
44995
50151
54267
52627
81623
72539
63282
65705
69445
48872
55281
83964
73591
90840
67276
73827
68233
52019
44963
66776
52501
68310
52448
56234
53091
56748
55830
56892
58565
63487
77664
88597
75692
77588
70376
1.1609e+05
54192
59891
51839
91801
65961
61123
45947
50598
66722
62095
68486
49544
50084
71438
89948
82868
67629
55522
71589
77069
72384
78732
59948
68265
97036
80768
59261
63946
74168
64234
63017
91032
1.0746e+05
65693
55755
49804
46151
56021
47591
52178
54847
55837
44976
53378
53007
44214
59177
46841
49245
43012
41587
40827
59348
66988
58676
59091
59833
56270
57515
49504
50464
57919
67714
90098
93097
60650
51608
55293
59772
77539
75066
51692
53417
51992
40607
56029
51319
40470
56003
52867
52305
58745
61328
44917
44021
55453
82160
1.1488e+05
1.0652e+05
81264
1.0861e+05
1.0769e+05
96312
1.3778e+05
1.1567e+05
84544
92544
80837
65452
75667
94384
88399
69765
1.1095e+05
1.0969e+05
96762
82888
73113
70013
68139
49797
56795
66051
76410
63085
65965
